15.436	475	15.462	401
15.486	475	15.512	395
15.538	475	15.563	397
15.588	474	15.613	404
15.639	474	15.664	419
15.689	473	15.715	439
15.740	472	15.766	464
15.790	471	15.816	491
15.842	471	15.867	521
15.892	471	15.917	551
15.943	471	15.969	580
15.993	471	16.019	605
16.044	472	16.070	626
16.095	473	16.120	642
16.146	475	16.171	652
16.196	477	16.222	655
16.247	479	16.273	652
16.297	481	16.323	642
16.349	483	16.374	627
16.399	485	16.424	607
16.450	487	16.476	581
16.500	488	16.526	553
16.551	489	16.577	524
16.601	489	16.627	494
16.653	488	16.678	467
16.703	486	16.728	442
16.754	484	16.780	423
16.804	481	16.830	409
16.855	478	16.881	400
16.906	474	16.931	398
16.957	470	16.982	404
17.007	466	17.033	417
17.058	462	17.084	434
17.108	459	17.134	456
17.160	456	17.185	483
17.210	455	17.235	511
17.261	454	17.287	540
17.311	455	17.337	569
17.362	456	17.388	594
17.412	459	17.438	616
17.464	463	17.489	633
17.514	467	17.539	644
17.565	472	17.591	650
17.615	478	17.641	650
17.666	483	17.692	642
17.717	489	17.742	629
17.768	493	17.793	611
17.818	497	17.844	588
17.869	500	17.895	562
17.919	501	17.945	534
17.971	502	17.996	506
18.021	501	18.046	478
18.072	498	18.098	454
18.122	494	18.148	433
18.173	488	18.199	418
18.223	482	18.249	408
18.275	475	18.300	404
18.325	468	18.350	407
18.376	461	18.402	417
18.426	455	18.452	432
18.477	448	18.503	451
18.529	444	18.553	475
18.579	440	18.604	502
18.630	439	18.655	529
18.680	439	18.706	557
18.731	441	18.756	583
18.782	445	18.807	605
18.833	451	18.857	623
18.883	457	18.909	636
18.934	465	18.959	643
18.984	474	19.010	645
19.036	483	19.060	640
19.086	491	19.111	629
19.137	499	19.161	613
19.187	505	19.213	593
19.238	511	19.263	570
19.288	513	19.314	544
19.340	514	19.364	516
19.390	513	19.415	490
19.441	510	19.466	466
19.491	504	19.517	446
19.542	497	19.567	429
19.593	488	19.618	418
19.644	478	19.668	412
19.694	468	19.720	413
19.745	458	19.770	419
19.795	449	19.821	432
19.847	440	19.871	449
19.897	432	19.922	470
19.948	427	19.972	494
19.998	424	20.024	520
20.049	423	20.074	546
20.099	425	20.125	571
20.151	430	20.175	593
20.201	437	20.226	611
20.252	445	20.277	626
20.302	455	20.328	633
20.353	466	20.378	638
20.404	478	20.429	635
20.455	489	20.479	627
20.505	500	20.531	613
20.556	510	20.581	596
20.606	517	20.632	575
20.658	522	20.682	551
20.708	524	20.733	526
20.759	523	20.783	502
20.809	520	20.835	478
20.860	514	20.885	458
20.910	505	20.936	441
20.962	495	20.986	429
21.012	483	21.037	422
21.063	470	21.088	421
21.113	457	21.139	425
21.164	444	21.189	435
21.215	433	21.240	449
21.266	423	21.290	467
21.316	415	21.342	489
21.367	410	21.392	512
21.417	408	21.443	535
21.469	410	21.493	559
21.519	414	21.544	580
21.570	421	21.594	598
21.620	430	21.646	613
21.671	442	21.697	623
21.721	456	21.747	628
21.773	470	21.798	627
21.823	485	21.848	622
21.874	499	21.900	611
21.924	511	21.950	596
21.975	521	22.001	578
22.026	529	22.051	558
22.077	533	22.102	535
22.127	532	22.153	512
22.178	530	22.204	490
22.228	524	22.254	470
22.280	514	22.305	454
22.330	503	22.355	442
22.381	489	22.407	433
22.431	473	22.457	430
22.482	458	22.508	432
22.532	443	22.558	439
22.584	428	22.609	451
22.634	416	22.659	466
22.685	406	22.711	485
22.735	399	22.761	505
22.786	396	22.812	527
22.837	396	22.862	548
22.888	401	22.913	568
22.938	408	22.964	586
22.989	418	23.015	600
23.039	432	23.065	611
23.091	447	23.116	616
23.141	465	23.166	618
23.192	481	23.218	615
23.242	498	23.268	607
23.293	513	23.319	594
23.343	525	23.369	579
23.395	535	23.420	562
23.445	541	23.470	542
23.496	543	23.522	521
23.546	541	23.572	501
23.597	535	23.623	483
23.648	526	23.673	467
23.699	513	23.724	455
23.749	497	23.775	446
23.800	480	23.826	442
23.850	462	23.876	442
23.902	444	23.927	446
23.952	427	23.977	456
24.003	412	24.029	468
24.053	400	24.079	483
24.104	391	24.130	501
24.154	386	24.180	520
24.206	385	24.231	539
24.256	388	24.281	557
24.307	397	24.333	573
24.357	408	24.383	587
24.408	423	24.434	597
24.459	439	24.484	604
24.510	458	24.535	606
24.560	477	24.586	605
24.611	496	24.637	600
24.661	513	24.687	591
24.713	529	24.738	579
24.763	540	24.788	563
24.814	549	24.840	547
24.864	552	24.890	529
24.915	552	24.941	512
24.965	547	24.991	495
25.017	537	25.042	480
25.067	524	25.092	469
25.118	508	25.144	460
25.168	489	25.194	454
25.219	469	25.245	454
25.270	449	25.295	456
25.321	430	25.346	463
25.372	413	25.397	473
25.422	397	25.448	485
25.473	386	25.498	499
25.524	380	25.549	515
25.575	377	25.599	531
25.625	379	25.651	547
25.676	387	25.701	561
25.726	398	25.752	574
25.778	412	25.802	584
25.828	430	25.853	590
25.879	450	25.903	594
25.929	471	25.955	594
25.980	492	26.005	591
26.030	512	26.056	585
26.082	529	26.106	575
26.132	543	26.157	563
26.183	554	26.208	550
26.233	559	26.259	534
26.284	560	26.309	520
26.335	556	26.360	506
26.386	548	26.410	494
26.436	534	26.462	482
26.487	518	26.512	474
26.537	498	26.563	468
26.589	477	26.613	466
26.639	456	26.664	468
26.690	434	26.714	472
26.740	415	26.766	479
26.791	397	26.816	488
26.841	384	26.867	500
26.893	375	26.917	512
26.943	371	26.968	526
26.994	371	27.019	539
27.044	378	27.070	551
27.095	388	27.120	562
27.146	403	27.171	571
27.197	421	27.221	577
27.247	442	27.273	581
27.298	464	27.323	582
27.348	486	27.374	580
27.400	508	27.424	576
27.450	528	27.475	569
27.501	544	27.525	560
27.551	556	27.577	550
27.602	563	27.627	538
27.652	566	27.678	527
27.704	564	27.728	515
27.754	557	27.779	504
27.805	544	27.830	495
27.855	528	27.881	488
27.906	508	27.931	483
27.957	486	27.982	480
28.008	463	28.032	480
28.058	440	28.084	482
28.109	419	28.134	487
28.159	400	28.185	494
28.211	384	28.235	502
28.261	374	28.286	512
28.312	367	28.336	522
28.362	366	28.388	532
28.413	371	28.439	542
28.463	380	28.489	551
28.515	394	28.540	558
28.565	413	28.590	564
28.616	433	28.642	568
28.666	456	28.692	569
28.717	479	28.743	568
28.768	503	28.793	566
28.819	524	28.844	561
28.869	542	28.895	555
28.920	556	28.946	548
28.970	565	28.996	540
29.022	570	29.047	530
29.072	569	29.097	522
29.123	563	29.149	514
29.173	552	29.199	507
29.224	537	29.250	501
29.274	517	29.300	497
29.326	495	29.351	494
29.376	472	29.401	494
29.427	448	29.453	495
29.477	424	29.503	497
29.528	404	29.554	502
29.579	387	29.604	507
29.630	374	29.655	514
29.680	366	29.706	521
29.731	363	29.757	528
29.781	366	29.807	535
29.833	374	29.858	541
29.883	386	29.908	547
29.934	404	29.960	551
29.984	424	30.010	554
30.035	447	30.061	556
30.085	470	30.111	556
30.137	495	30.162	555
30.187	518	30.212	552
30.238	537	30.264	548
30.288	554	30.314	544
30.339	564	30.365	539
30.390	571	30.415	533
30.441	572	30.466	527
30.491	568	30.517	523
30.542	558	30.568	518
30.592	544	30.618	514
30.644	525	30.669	510
30.694	503	30.719	508
30.745	480	30.771	507
30.795	456	30.821	508
30.846	432	30.872	509
30.896	410	30.922	511
30.948	391	30.973	514
30.998	376	31.023	518
31.049	367	31.075	522
31.099	362	31.125	525
31.150	363	31.176	530
31.201	369	31.226	533
31.252	381	31.277	536
31.302	396	31.328	539
31.353	416	31.379	541
31.403	439	31.429	542
31.455	463	31.480	542
31.505	487	31.530	541
31.556	510	31.582	541
31.606	531	31.632	539
31.657	549	31.683	537
31.708	562	31.733	535
31.759	570	31.784	533
31.809	573	31.834	531
31.860	571	31.886	528
31.910	563	31.936	526
31.961	550	31.987	524
32.012	532	32.037	523
32.063	512	32.088	522
32.113	488	32.139	521
32.164	464	32.190	521
32.214	440	32.240	521
32.266	418	32.291	522
32.316	398	32.341	523
32.367	381	32.393	524
32.417	369	32.443	524
32.468	363	32.494	526
32.519	362	32.544	526
32.570	367	32.595	527
32.620	376	32.645	528
32.671	391	32.697	528
32.721	410	32.747	528
32.772	431	32.798	529
32.823	454	32.848	529
32.874	478	32.899	529
32.925	502	32.950	529
32.975	524	33.001	529
33.026	543	33.051	530
33.077	557	33.102	530
33.128	567	33.152	531
33.178	571	33.204	531
33.229	571	33.254	532
33.279	564	33.305	532
33.331	553	33.355	533
33.381	538	33.406	534
33.432	519	33.456	534
33.482	496	33.508	534
33.533	473	33.558	534
33.583	449	33.609	534
33.635	426	33.659	533
33.685	405	33.710	532
33.736	387	33.761	530
33.786	375	33.812	529
33.837	367	33.862	527
33.888	363	33.913	525
33.939	366	33.963	523
33.989	374	34.015	521
34.040	386	34.065	520
34.090	403	34.116	519
34.142	424	34.166	517
34.192	446	34.217	518
34.243	470	34.268	517
34.293	493	34.319	519
34.344	516	34.369	521
34.394	535	34.420	522
34.446	550	34.470	525
34.496	561	34.521	528
34.547	568	34.572	531
34.597	569	34.623	534
34.648	564	34.673	537
34.699	555	34.724	540
34.750	541	34.774	543
34.800	523	34.826	544
34.851	503	34.876	546
34.901	480	34.927	546
34.953	457	34.977	545
35.003	435	35.028	543
35.054	414	35.079	541
35.104	396	35.130	537
35.155	382	35.180	535
35.205	372	35.231	530
35.257	368	35.281	525
35.307	369	35.332	521
35.358	375	35.383	517
35.408	386	35.434	513
35.459	400	35.484	510
35.510	419	35.535	508
35.561	440	35.585	507
35.611	462	35.637	507
35.662	485	35.687	508
35.712	506	35.738	510
35.764	526	35.788	514
35.814	542	35.839	518
35.865	554	35.890	523
35.915	562	35.941	529
35.966	565	35.992	535
36.016	562	36.042	540
36.068	555	36.093	545
36.118	544	36.143	550
36.169	527	36.195	553
36.219	508	36.245	556
36.270	487	36.296	557
36.321	465	36.346	556
36.372	444	36.397	554
36.422	424	36.448	551
36.473	405	36.499	546
36.523	391	36.549	540
36.575	380	36.600	534
36.625	374	36.650	527
36.676	373	36.702	520
36.726	377	36.752	514
36.777	386	36.803	507
36.828	399	36.853	503
36.879	415	36.904	499
36.929	434	36.954	497
36.980	455	37.006	496
37.030	476	37.056	497
37.081	497	37.107	500
37.132	516	37.157	504
37.183	533	37.208	510
37.233	546	37.259	517
37.284	554	37.310	524
37.334	559	37.360	532
37.386	558	37.411	541
37.436	552	37.461	548
37.487	543	37.513	555
37.537	529	37.563	560
37.588	512	37.614	564
37.639	493	37.664	566
37.690	473	37.715	566
37.740	452	37.765	564
37.791	432	37.817	560
37.841	415	37.867	555
37.892	400	37.918	548
37.943	388	37.968	540
37.994	381	38.019	530
38.044	379	38.070	521
38.095	381	38.121	512
38.145	387	38.171	504
38.197	399	38.222	497
38.247	413	38.272	491
38.298	430	38.324	487
38.348	448	38.374	486
38.399	468	38.425	486
38.450	488	38.475	489
38.501	507	38.526	494
38.551	523	38.576	501
38.602	536	38.628	510
38.652	546	38.678	519
38.703	551	38.729	529
38.754	552	38.779	539
38.805	549	38.830	549
38.855	541	38.881	558
38.906	530	38.932	565
38.956	515	38.982	571
39.008	497	39.033	573
39.058	479	39.083	575
39.109	460	39.135	574
39.159	441	39.185	569
39.210	424	39.236	564
39.261	410	39.286	556
39.312	398	39.337	546
39.362	390	39.388	535
39.413	387	39.439	524
39.463	387	39.489	513
39.514	392	39.540	502
39.565	401	39.590	493
39.616	412	39.641	485
39.667	428	39.692	480
39.717	445	39.743	477
39.768	463	39.793	477
39.819	480	39.844	480
39.870	498	39.894	485
39.920	514	39.946	492
39.971	526	39.996	502
40.021	536	40.047	513
40.073	543	40.097	525
40.123	545	40.148	537
40.174	543	40.199	549
40.224	536	40.250	560
40.275	528	40.300	570
40.325	515	40.351	576
40.377	501	40.401	581
40.427	484	40.452	583
40.478	467	40.503	582
40.528	450	40.554	579
40.579	434	40.604	573
40.630	421	40.655	564
40.681	409	40.705	553
40.731	401	40.757	542
40.782	396	40.807	528
40.832	395	40.858	515
40.884	398	40.908	503
40.934	405	40.959	492
40.985	415	41.010	482
41.035	428	41.061	475
41.086	442	41.111	471
41.136	458	41.162	470
41.188	474	41.212	471
41.238	490	41.263	476
41.289	504	41.314	484
41.339	516	41.365	494
41.390	526	41.415	506
41.441	533	41.466	519
41.492	536	41.516	533
41.542	535	41.568	547
41.593	531	41.618	560
41.643	523	41.669	571
41.695	514	41.719	580
41.745	501	41.770	587
41.796	487	41.821	590
41.846	473	41.872	591
41.897	457	41.922	588
41.948	444	41.973	581
41.999	430	42.023	572
42.049	420	42.074	561
42.100	411	42.125	549
42.150	407	42.176	534
42.201	405	42.226	519
42.252	406	42.277	505
42.303	411	42.327	492
42.353	419	42.379	480
42.404	429	42.429	472
42.454	441	42.480	466
42.506	455	42.530	463
42.556	468	42.581	464
42.607	482	42.632	469
42.657	495	42.683	476
42.708	506	42.734	486
42.759	515	42.784	499
42.810	521	42.835	513
42.860	526	42.885	529
42.911	527	42.937	544
42.961	524	42.987	559
43.012	518	43.038	572
43.063	510	43.088	582
43.114	500	43.139	590
43.164	489	43.190	595
43.215	477	43.241	597
43.265	464	43.291	595
43.317	451	43.342	589
43.367	440	43.392	581
43.418	430	43.444	569
43.468	423	43.494	556
43.519	417	43.545	540
43.570	415	43.595	524
43.621	415	43.646	509
43.671	419	43.696	494
43.722	424	43.748	481
43.772	432	43.798	470
43.823	441	43.849	463
43.874	452	43.899	459
43.925	464	43.950	458
43.975	475	44.001	462
44.026	486	44.052	469
44.076	497	44.102	479
44.128	505	44.153	491
44.178	511	44.203	506
44.229	515	44.255	523
44.279	516	44.305	539
44.330	515	44.356	555
44.381	511	44.406	570
44.432	505	44.457	582
44.482	498	44.508	592
44.533	489	44.559	598
44.583	478	44.609	601
44.634	468	44.660	600
44.685	458	44.710	595
44.736	449	44.761	588
44.786	441	44.812	577
44.837	434	44.863	563
44.887	428	44.913	547
44.939	426	44.964	530
44.989	426	45.014	513
45.040	427	45.066	497
45.090	431	45.116	482
45.141	438	45.167	470
45.192	444	45.217	461
45.243	453	45.268	456
45.293	462	45.319	454
45.344	471	45.370	457
45.394	479	45.420	462
45.445	488	45.471	472
45.496	494	45.521	485
45.547	500	45.572	500
45.597	504	45.623	517
45.648	506	45.674	534
45.698	505	45.724	551
45.750	503	45.775	567
45.800	499	45.825	581
45.851	493	45.877	592
45.901	486	45.927	600
45.952	479	45.978	604
46.003	471	46.028	604
46.054	463	46.079	601
46.104	456	46.130	593
46.155	449	46.181	584
46.205	444	46.231	569
46.256	440	46.282	554
46.307	438	46.332	536
46.358	437	46.383	519
46.408	437	46.434	501
46.459	440	46.485	486
46.509	444	46.535	472
46.561	449	46.586	461
46.611	455	46.636	455
46.662	461	46.688	452
46.712	468	46.738	453
46.763	474	46.789	458
46.814	480	46.839	467
46.865	485	46.890	479
46.915	490	46.941	493
46.966	493	46.992	510
47.016	494	47.042	528
47.068	494	47.093	546
47.118	493	47.143	562
47.169	491	47.194	578
47.219	487	47.245	590
47.270	483	47.296	599
47.320	477	47.346	605
47.372	472	47.397	607
47.422	467	47.447	604
47.473	462	47.499	598
47.523	457	47.549	588
47.574	454	47.600	575
47.625	451	47.650	559
47.676	449	47.701	543
47.726	448	47.752	525
47.777	448	47.803	507
47.827	450	47.853	490
47.879	452	47.904	476
47.929	455	47.954	464
47.980	459	48.005	456
48.030	462	48.056	451
48.081	466	48.107	451
48.131	471	48.157	455
48.183	474	48.208	462
48.233	478	48.258	473
48.284	480	48.310	488
48.334	482	48.360	504
48.385	483	48.411	521
48.436	484	48.461	540
48.487	483	48.512	557
48.537	482	48.563	573
48.588	480	48.614	587
48.638	478	48.664	598
48.690	475	48.715	604
48.740	472	48.765	607
48.791	469	48.816	606
48.841	467	48.867	601
48.892	464	48.918	593
48.942	462	48.968	580
48.994	461	49.019	566
49.044	460	49.069	549
49.095	459	49.121	531
49.145	459	49.171	513
49.196	460	49.222	496
49.247	461	49.272	481
49.298	462	49.323	468
49.348	464	49.374	458
49.399	466	49.425	452
49.449	467	49.475	451
49.501	469	49.526	453
49.551	470	49.576	460
49.602	472	49.628	470
49.652	472	49.678	483
49.703	473	49.729	498
49.753	473	49.779	515
49.805	473	49.830	534
49.855	473	49.880	551
49.906	472	49.932	568
49.956	472	49.982	582
50.007	472	50.033	593
50.058	471	50.083	601
50.109	471	50.134	606
50.159	470	50.185	606
50.210	470	50.236	603
50.260	469	50.286	595
50.312	470	50.337	584
50.362	470	50.387	570
50.413	470	50.439	554
50.463	470	50.489	537
50.514	471	50.540	519
50.564	471	50.590	502
50.616	471	50.641	486
50.666	470	50.691	473
50.717	470	50.743	463
50.767	470	50.793	455
50.818	469	50.844	453
50.869	469	50.894	453
50.920	468	50.945	458
50.970	467	50.996	467