5.208811	2.165175	0.008222
6.291286	2.164745	0.008248
7.373556	2.164326	0.008272
8.455612	2.163916	0.008296
9.537472	2.163510	0.008320
10.619122	2.163092	0.008344
11.700564	2.162673	0.008368
12.781795	2.162265	0.008394
13.862829	2.161865	0.008418
14.943660	2.161474	0.008440
16.024303	2.161091	0.008466
17.104751	2.160703	0.008490
18.185006	2.160324	0.008512
19.265075	2.159957	0.008538
20.344963	2.159571	0.008562
21.424646	2.159175	0.008584
22.504138	2.158800	0.008608
23.583446	2.158432	0.008632
24.662570	2.158070	0.008656
25.741516	2.157710	0.008680
26.820280	2.157342	0.008704
27.898858	2.156994	0.008728
28.977274	2.156653	0.008752
30.055511	2.156304	0.008778
31.133578	2.155960	0.008804
32.211471	2.155627	0.008830
33.289205	2.155291	0.008854
34.366762	2.154946	0.008876
35.444151	2.154600	0.008902
36.521362	2.154255	0.008928
37.598406	2.153920	0.008952
38.675282	2.153599	0.008976
39.752005	2.153278	0.009002
40.828560	2.152949	0.009028
41.904954	2.152620	0.009052
42.981180	2.152300	0.009076
44.057254	2.151990	0.009100
45.133170	2.151673	0.009124
46.208927	2.151355	0.009150
47.284525	2.151044	0.009174
48.359971	2.150735	0.009198
49.435260	2.150430	0.009224
50.510401	2.150126	0.009250
51.585386	2.149836	0.009276
52.660237	2.149545	0.009298
53.734931	2.149250	0.009322
54.809487	2.148960	0.009350
55.883891	2.148668	0.009374
56.958155	2.148374	0.009398
58.032265	2.148081	0.009422
59.106236	2.147797	0.009448
60.180062	2.147522	0.009476
61.253758	2.147246	0.009500
62.327308	2.146967	0.009524
63.400725	2.146695	0.009550
64.474003	2.146424	0.009574
65.547149	2.146157	0.009598
66.620160	2.145890	0.009624
67.693039	2.145626	0.009650
68.765786	2.145363	0.009676
69.838402	2.145100	0.009700
70.910886	2.144842	0.009724
71.983244	2.144583	0.009752
73.055469	2.144328	0.009778
74.127572	2.144075	0.009800
75.199544	2.143816	0.009824
76.271388	2.143558	0.009852
77.343102	2.143306	0.009876
78.414694	2.143050	0.009900
79.486152	2.142799	0.009928
80.557493	2.142554	0.009954
81.628706	2.142310	0.009980
82.699803	2.142071	0.010006
83.770777	2.141833	0.010034
84.841636	2.141599	0.010060
85.912376	2.141368	0.010084
86.983004	2.141133	0.010108
88.053509	2.140902	0.010134
89.123906	2.140674	0.010160
90.194183	2.140436	0.010186
91.264342	2.140203	0.010212
92.334386	2.139979	0.010236
93.404321	2.139753	0.010262
94.474139	2.139530	0.010290
95.543851	2.139310	0.010318
96.613449	2.139088	0.010342
97.682939	2.138870	0.010366
98.752319	2.138656	0.010394
99.821595	2.138439	0.010422
100.890758	2.138229	0.010448
101.959824	2.138017	0.010472
103.028775	2.137797	0.010498
104.097621	2.137586	0.010526
105.166361	2.137381	0.010550
106.235002	2.137176	0.010576
107.303537	2.136972	0.010602
108.371974	2.136767	0.010628
109.440304	2.136565	0.010656
110.508539	2.136362	0.010682
111.576666	2.136158	0.010708
112.644697	2.135958	0.010734
113.712624	2.135758	0.010760
114.780455	2.135568	0.010786
115.848192	2.135382	0.010812
116.915837	2.135190	0.010838
117.983382	2.135001	0.010864
119.050838	2.134809	0.010892
120.118191	2.134615	0.010918
121.185453	2.134424	0.010942
122.252615	2.134237	0.010970
123.319690	2.134052	0.011000
124.386667	2.133869	0.011026
125.453559	2.133679	0.011050
126.520346	2.133479	0.011076
127.587038	2.133290	0.011104
128.653636	2.133116	0.011132
129.720154	2.132941	0.011160
130.786577	2.132764	0.011186
131.852918	2.132589	0.011212
132.919166	2.132412	0.011240
133.985330	2.132240	0.011268
135.051406	2.132065	0.011296
136.117395	2.131889	0.011322
137.183295	2.131720	0.011346
138.249115	2.131547	0.011374
139.314842	2.131374	0.011404
140.380489	2.131212	0.011430
141.446054	2.131047	0.011456
142.511536	2.130873	0.011484
143.576927	2.130705	0.011510
144.642241	2.130542	0.011538
145.707469	2.130381	0.011566
146.772622	2.130221	0.011592
147.837690	2.130062	0.011620
148.902684	2.129905	0.011648
149.967595	2.129746	0.011674
151.032430	2.129587	0.011700
152.097182	2.129427	0.011728
153.161857	2.129272	0.011758
154.226454	2.129125	0.011788
155.290982	2.128973	0.011816
156.355427	2.128818	0.011842
157.419800	2.128662	0.011868
158.484089	2.128506	0.011898
159.548306	2.128354	0.011928
160.612443	2.128201	0.011954
161.676507	2.128048	0.011982
162.740491	2.127900	0.012010
163.804407	2.127758	0.012038
164.868249	2.127620	0.012066
165.932027	2.127475	0.012094
166.995724	2.127325	0.012124
168.059352	2.127179	0.012152
169.122903	2.127040	0.012178
170.186392	2.126903	0.012204
171.249806	2.126763	0.012232
172.313155	2.126621	0.012262
173.376427	2.126480	0.012290
174.439635	2.126342	0.012318
175.502769	2.126202	0.012346
176.565837	2.126062	0.012374
177.628831	2.125931	0.012402
178.691768	2.125806	0.012432
179.754637	2.125670	0.012462
180.817438	2.125537	0.012488
181.880174	2.125410	0.012516
182.942848	2.125281	0.012544
184.005455	2.125154	0.012574
185.068002	2.125029	0.012604
186.130484	2.124894	0.012632
187.192896	2.124763	0.012660
188.255247	2.124645	0.012686
189.317541	2.124519	0.012714
190.379766	2.124386	0.012744
191.441927	2.124251	0.012774
192.504017	2.124129	0.012802
193.566056	2.124009	0.012832
194.628026	2.123888	0.012860
195.689944	2.123763	0.012888
196.751789	2.123641	0.012918
197.813585	2.123515	0.012946
198.875304	2.123390	0.012976
199.936975	2.123275	0.013006
200.998579	2.123152	0.013034
202.060127	2.123033	0.013062
203.121612	2.122918	0.013092
204.183045	2.122801	0.013122
205.244413	2.122679	0.013150
206.305724	2.122555	0.013180
207.366968	2.122437	0.013212
208.428161	2.122323	0.013242
209.489291	2.122207	0.013270
210.550368	2.122097	0.013300
211.611388	2.121987	0.013332
212.672355	2.121877	0.013362
213.733265	2.121766	0.013390
214.794121	2.121650	0.013418
215.854915	2.121539	0.013446
216.915660	2.121439	0.013476
217.976354	2.121331	0.013508
219.036991	2.121224	0.013538
220.097578	2.121121	0.013568
221.158112	2.121010	0.013596
222.218588	2.120904	0.013624
223.279016	2.120797	0.013656
224.339385	2.120691	0.013686
225.399707	2.120583	0.013714
226.459968	2.120478	0.013744
227.520185	2.120381	0.013774
228.580349	2.120284	0.013802
229.640469	2.120182	0.013834
230.700531	2.120078	0.013866
231.760547	2.119977	0.013894
232.820508	2.119878	0.013924
233.880425	2.119778	0.013954
234.940286	2.119679	0.013984
236.000104	2.119579	0.014016
237.059865	2.119479	0.014046
238.119583	2.119385	0.014074
239.179250	2.119288	0.014104
240.238871	2.119186	0.014134
241.298436	2.119087	0.014164
242.357958	2.118993	0.014196
243.417429	2.118903	0.014226
244.476861	2.118809	0.014254
245.536238	2.118714	0.014284
246.595575	2.118621	0.014318
247.654859	2.118527	0.014350
248.714102	2.118435	0.014380
249.773294	2.118336	0.014412
250.832438	2.118240	0.014444
251.891534	2.118147	0.014472
252.950585	2.118053	0.014502
254.009587	2.117967	0.014534
255.068552	2.117873	0.014568
256.127460	2.117777	0.014600
257.186329	2.117686	0.014630
258.245146	2.117594	0.014660
259.303923	2.117503	0.014690
260.362649	2.117413	0.014722
261.421336	2.117324	0.014752
262.479973	2.117246	0.014782
263.538582	2.117171	0.014812
264.597144	2.117089	0.014844
265.655671	2.117004	0.014878
266.714148	2.116917	0.014908
267.772588	2.116836	0.014940
268.830984	2.116757	0.014972
269.889345	2.116670	0.015002
270.947654	2.116580	0.015032
272.005925	2.116493	0.015062
273.064147	2.116404	0.015094
274.122329	2.116314	0.015126
275.180461	2.116234	0.015158
276.238563	2.116162	0.015190
277.296623	2.116080	0.015222
278.354643	2.115994	0.015254
279.412617	2.115914	0.015286
280.470557	2.115836	0.015318
281.528453	2.115753	0.015350
282.586310	2.115671	0.015380
283.644124	2.115590	0.015412
284.701900	2.115513	0.015448
285.759637	2.115437	0.015482
286.817337	2.115360	0.015514
287.874997	2.115286	0.015546
288.932623	2.115214	0.015578
289.990211	2.115138	0.015610
291.047761	2.115058	0.015642
292.105269	2.114984	0.015674
293.162745	2.114910	0.015706
294.220179	2.114836	0.015738
295.277581	2.114766	0.015770
296.334945	2.114693	0.015802
297.392274	2.114617	0.015836
298.449562	2.114549	0.015868
299.506823	2.114476	0.015898
300.564038	2.114397	0.015932
301.621220	2.114321	0.015964
302.678359	2.114249	0.015994
303.735469	2.114177	0.016030
304.792536	2.114112	0.016064
305.849581	2.114051	0.016094
306.906587	2.113981	0.016122
307.963562	2.113906	0.016156
309.020493	2.113832	0.016194
310.077394	2.113761	0.016228
311.134254	2.113695	0.016260
312.191089	2.113628	0.016294
313.247882	2.113562	0.016328
314.304651	2.113495	0.016358
315.361377	2.113425	0.016390
316.418076	2.113364	0.016424
317.474741	2.113304	0.016458
318.531380	2.113239	0.016492
319.587980	2.113173	0.016524
320.644553	2.113106	0.016558
321.701086	2.113041	0.016592
322.757594	2.112978	0.016624
323.814064	2.112914	0.016660
324.870508	2.112845	0.016696
325.926909	2.112779	0.016726
326.983287	2.112718	0.016754
328.039627	2.112640	0.016790
329.095927	2.112568	0.016826
330.152195	2.112496	0.016858
331.208423	2.112426	0.016894
332.264621	2.112373	0.016930
333.320796	2.112323	0.016960
334.376944	2.112269	0.016992
335.433065	2.112210	0.017030
336.489154	2.112162	0.017064
337.545227	2.112105	0.017098
338.601259	2.112038	0.017134
339.657265	2.111965	0.017166
340.713224	2.111895	0.017200
341.769160	2.111833	0.017236
342.825057	2.111776	0.017270
343.880936	2.111720	0.017304
344.936777	2.111664	0.017338
345.992600	2.111603	0.017372
347.048380	2.111536	0.017408
348.104136	2.111477	0.017444
349.159857	2.111418	0.017478
350.215554	2.111355	0.017512
351.271212	2.111301	0.017544
352.326855	2.111247	0.017578
353.382459	2.111178	0.017614
354.438033	2.111111	0.017650
355.493570	2.111052	0.017684
356.549085	2.111001	0.017718
357.604571	2.110938	0.017754
358.660023	2.110878	0.017790
359.715449	2.110832	0.017826
360.770855	2.110782	0.017862
361.826231	2.110735	0.017898
362.881590	2.110690	0.017932
363.936921	2.110640	0.017966
364.992230	2.110579	0.018004
366.047500	2.110524	0.018040
367.102754	2.110472	0.018076
368.157972	2.110411	0.018112
369.213165	2.110351	0.018146
370.268323	2.110294	0.018182
371.323459	2.110243	0.018218
372.378566	2.110198	0.018256
373.433657	2.110151	0.018290
374.488717	2.110094	0.018322
375.543751	2.110037	0.018362
376.598754	2.109986	0.018400
377.653737	2.109935	0.018434
378.708689	2.109885	0.018470
379.763622	2.109829	0.018504
380.818518	2.109774	0.018540
381.873396	2.109723	0.018580
382.928241	2.109680	0.018618
383.983076	2.109636	0.018652
385.037877	2.109589	0.018686
386.092665	2.109538	0.018722
387.147415	2.109474	0.018758
388.202139	2.109419	0.018798
389.256834	2.109370	0.018836
390.311509	2.109318	0.018870
391.366152	2.109265	0.018908
392.420774	2.109215	0.018944
393.475367	2.109172	0.018978
394.529946	2.109124	0.019016
395.584491	2.109077	0.019054
396.639023	2.109032	0.019090
397.693523	2.108977	0.019126
398.748000	2.108928	0.019164
399.802451	2.108881	0.019202
400.856881	2.108834	0.019242
401.911285	2.108800	0.019278
402.965681	2.108757	0.019314
404.020042	2.108706	0.019352
405.074387	2.108661	0.019390
406.128703	2.108607	0.019430
407.182994	2.108555	0.019468
408.237258	2.108523	0.019504
409.291517	2.108491	0.019538
410.345749	2.108452	0.019574
411.399969	2.108407	0.019614
412.454156	2.108358	0.019652
413.508327	2.108315	0.019690
414.562471	2.108274	0.019730
415.616601	2.108231	0.019766
416.670702	2.108187	0.019804
417.724788	2.108144	0.019840
418.778846	2.108107	0.019876
419.832895	2.108068	0.019914
420.886914	2.108018	0.019952
421.940913	2.107971	0.019994
422.994885	2.107931	0.020030
424.048844	2.107893	0.020068
425.102778	2.107856	0.020108
426.156700	2.107820	0.020144
427.210598	2.107775	0.020180
428.264475	2.107729	0.020218
429.318327	2.107681	0.020258
430.372156	2.107636	0.020296
431.425963	2.107594	0.020334
432.479750	2.107544	0.020372
433.533507	2.107504	0.020414
434.587254	2.107464	0.020456
435.640971	2.107413	0.020490
436.694667	2.107363	0.020530
437.748334	2.107327	0.020572
438.801994	2.107293	0.020608
439.855627	2.107258	0.020646
440.909252	2.107228	0.020688
441.962855	2.107189	0.020726
443.016441	2.107147	0.020762
444.070002	2.107110	0.020804
445.123551	2.107068	0.020846
446.177070	2.107030	0.020884
447.230581	2.106993	0.020922
448.284063	2.106954	0.020962
449.337535	2.106916	0.021002
450.390979	2.106882	0.021042
451.444417	2.106852	0.021082
452.497831	2.106810	0.021122
453.551227	2.106771	0.021158
454.604602	2.106734	0.021200
455.657961	2.106695	0.021242
456.711297	2.106659	0.021278
457.764620	2.106618	0.021320
458.817915	2.106583	0.021362
459.871203	2.106553	0.021402
460.924468	2.106519	0.021444
461.977722	2.106479	0.021484
463.030947	2.106441	0.021522
464.084163	2.106411	0.021562
465.137358	2.106372	0.021600
466.190535	2.106326	0.021642
467.243684	2.106296	0.021684
468.296831	2.106262	0.021722
469.349946	2.106222	0.021764
470.403053	2.106209	0.021806
471.456155	2.106177	0.021846
472.509230	2.106136	0.021884
473.562291	2.106064	0.021926
474.615294	2.105987	0.021972
475.668278	2.106000	0.022012
476.721294	2.105998	0.022052
477.774276	2.105966	0.022096
478.827260	2.105941	0.022136
479.880217	2.105909	0.022174
480.933169	2.105878	0.022214
481.986095	2.105849	0.022254
483.039018	2.105823	0.022296
484.091918	2.105793	0.022336
485.144811	2.105762	0.022374
486.197680	2.105718	0.022416
487.250529	2.105677	0.022462
488.303357	2.105645	0.022506
489.356174	2.105613	0.022544
490.408970	2.105579	0.022584
491.461753	2.105544	0.022626
492.514514	2.105511	0.022664
493.567264	2.105476	0.022708
494.619990	2.105439	0.022752
495.672703	2.105407	0.022790
496.725397	2.105375	0.022830
497.778078	2.105341	0.022872
498.830738	2.105321	0.022916
499.883399	2.105298	0.022958
500.936036	2.105271	0.023000
501.988670	2.105248	0.023044
503.041284	2.105215	0.023084
504.093885	2.105177	0.023126
505.146461	2.105143	0.023170
506.199028	2.105114	0.023212
507.251575	2.105083	0.023254
508.304111	2.105046	0.023294
509.356621	2.105007	0.023334
510.409118	2.104976	0.023376
511.461597	2.104950	0.023418
512.514068	2.104918	0.023464
513.566515	2.104889	0.023510
514.618957	2.104856	0.023550
515.671371	2.104818	0.023590
516.723775	2.104788	0.023634
517.776159	2.104760	0.023678
518.828535	2.104733	0.023722
519.880892	2.104709	0.023764
520.933244	2.104681	0.023804
521.985573	2.104649	0.023850
523.037893	2.104618	0.023894
524.090191	2.104597	0.023938
525.142490	2.104576	0.023984
526.194767	2.104544	0.024026
527.247034	2.104511	0.024068
528.299278	2.104488	0.024112
529.351522	2.104465	0.024156
530.403743	2.104433	0.024198
531.455955	2.104401	0.024246
532.508144	2.104373	0.024292
533.560328	2.104348	0.024332
534.612492	2.104324	0.024376
535.664652	2.104297	0.024420
536.716789	2.104272	0.024462
537.768924	2.104243	0.024508
538.821032	2.104209	0.024552
539.873133	2.104181	0.024594
540.925213	2.104154	0.024642
541.977287	2.104128	0.024686
543.029341	2.104103	0.024726
544.081390	2.104074	0.024772
545.133415	2.104052	0.024818
546.185442	2.104029	0.024864
547.237444	2.104000	0.024908
548.289442	2.103978	0.024952
549.341422	2.103958	0.025000
550.393400	2.103931	0.025044
551.445353	2.103895	0.025086
552.497295	2.103867	0.025130
553.549220	2.103847	0.025176
554.601142	2.103821	0.025220
555.653041	2.103798	0.025266
556.704940	2.103786	0.025312
557.756827	2.103729	0.025358
558.808669	2.103676	0.025406
559.860503	2.103660	0.025450
560.912329	2.103646	0.025494
561.964149	2.103642	0.025538
563.015971	2.103635	0.025586
564.067784	2.103613	0.025636
565.119584	2.103580	0.025680
566.171364	2.103559	0.025724
567.223143	2.103535	0.025774
568.274899	2.103513	0.025822
569.326656	2.103486	0.025864
570.378385	2.103457	0.025910
571.430113	2.103430	0.025958
572.481815	2.103395	0.026002
573.533508	2.103365	0.026048
574.585180	2.103351	0.026096
575.636859	2.103331	0.026142
576.688511	2.103297	0.026190
577.740156	2.103270	0.026236
578.791781	2.103247	0.026282
579.843403	2.103226	0.026330
580.895007	2.103211	0.026374
581.946614	2.103193	0.026420
582.998200	2.103170	0.026468
584.049784	2.103136	0.026516
585.101336	2.103104	0.026564
586.152888	2.103082	0.026616
587.204418	2.103057	0.026664
588.255945	2.103037	0.026706
589.307455	2.103011	0.026754
590.358956	2.102991	0.026808
591.410446	2.102975	0.026856
592.461931	2.102952	0.026898
593.513398	2.102934	0.026944
594.564865	2.102913	0.026994
595.616311	2.102890	0.027042
596.667755	2.102871	0.027090
597.719182	2.102853	0.027140
598.770608	2.102832	0.027188
599.822014	2.102807	0.027236
600.873415	2.102779	0.027286
601.924793	2.102755	0.027334
602.976170	2.102737	0.027380
604.027530	2.102726	0.027428
605.078896	2.102714	0.027476
606.130244	2.102690	0.027524
607.181586	2.102664	0.027576
608.232908	2.102643	0.027624
609.284229	2.102617	0.027670
610.335525	2.102590	0.027718
611.386819	2.102564	0.027766
612.438089	2.102540	0.027814
613.489359	2.102517	0.027862
614.540606	2.102499	0.027916
615.591858	2.102483	0.027968
616.643089	2.102459	0.028014
617.694317	2.102437	0.028062
618.745526	2.102419	0.028112
619.796736	2.102402	0.028164
620.847928	2.102378	0.028220
621.899114	2.102365	0.028268
622.950293	2.102344	0.028310
624.001458	2.102314	0.028360
625.052607	2.102291	0.028410
626.103749	2.102268	0.028458
627.154875	2.102245	0.028510
628.205994	2.102221	0.028560
629.257096	2.102206	0.028616
630.308200	2.102186	0.028668
631.359282	2.102167	0.028712
632.410367	2.102148	0.028766
633.461430	2.102129	0.028820
634.512496	2.102113	0.028868
635.563543	2.102093	0.028922
636.614589	2.102071	0.028974
637.665614	2.102052	0.029024
638.716641	2.102031	0.029078
639.767645	2.102011	0.029126
640.818652	2.101996	0.029176
641.869641	2.101977	0.029230
642.920629	2.101954	0.029282
643.971595	2.101936	0.029334
645.022565	2.101925	0.029382
646.073520	2.101913	0.029432
647.124478	2.101894	0.029488
648.175414	2.101873	0.029536
649.226351	2.101857	0.029586
650.277271	2.101834	0.029642
651.328185	2.101814	0.029698
652.379085	2.101804	0.029750
653.429989	2.101790	0.029798
654.480875	2.101773	0.029850
655.531762	2.101748	0.029904
656.582623	2.101711	0.029958
657.633473	2.101682	0.030010
658.684305	2.101664	0.030062
659.735137	2.101651	0.030114
660.785956	2.101636	0.030164
661.836773	2.101620	0.030218
662.887576	2.101604	0.030272
663.938377	2.101589	0.030330
664.989165	2.101568	0.030386
666.039945	2.101547	0.030434
667.090712	2.101529	0.030488
668.141474	2.101509	0.030544
669.192221	2.101497	0.030594
670.242971	2.101488	0.030650
671.293709	2.101480	0.030706
672.344451	2.101462	0.030758
673.395171	2.101442	0.030814
674.445893	2.101429	0.030870
675.496600	2.101411	0.030924
676.547304	2.101389	0.030976
677.597989	2.101372	0.031030
678.648676	2.101357	0.031084
679.699346	2.101343	0.031136
680.750019	2.101325	0.031190
681.800671	2.101307	0.031242
682.851326	2.101292	0.031292
683.901963	2.101280	0.031350
684.952606	2.101265	0.031412
686.003228	2.101254	0.031468
687.053860	2.101244	0.031524
688.104472	2.101187	0.031576
689.155047	2.101151	0.031626
690.205623	2.101195	0.031682
691.256242	2.101195	0.031740
692.306818	2.101151	0.031796
693.357393	2.101134	0.031850
694.407952	2.101108	0.031908
695.458501	2.101094	0.031966
696.509046	2.101087	0.032020
697.559588	2.101056	0.032076
698.610102	2.101034	0.032132
699.660622	2.101028	0.032184
700.711130	2.101022	0.032240
701.761644	2.100999	0.032300
702.812129	2.100980	0.032358
703.862624	2.100972	0.032412
704.913101	2.100956	0.032466
705.963580	2.100955	0.032524

