7.398726	2.100467	0.033108
8.448989	2.100474	0.033162
9.499200	2.100457	0.033220
10.549446	2.100459	0.033276
11.599659	2.100471	0.033334
12.649917	2.100439	0.033394
13.700098	2.100387	0.033456
14.750304	2.100378	0.033516
15.800476	2.100375	0.033576
16.850679	2.100357	0.033630
17.900833	2.100352	0.033682
18.951031	2.100341	0.033742
20.001174	2.100318	0.033804
21.051349	2.100315	0.033862
22.101489	2.100335	0.033918
23.151684	2.100311	0.033976
24.201800	2.100279	0.034032
25.251963	2.100289	0.034086
26.302089	2.100249	0.034146
27.352212	2.100207	0.034212
28.402296	2.100204	0.034268
29.452416	2.100183	0.034324
30.502479	2.100170	0.034386
31.552586	2.100162	0.034444
32.602641	2.100150	0.034498
33.652736	2.100130	0.034556
34.702771	2.100122	0.034626
35.752858	2.100119	0.034688
36.802890	2.100110	0.034748
37.852968	2.100082	0.034804
38.902972	2.100044	0.034856
39.953012	2.100039	0.034920
41.003011	2.100047	0.034982
42.053059	2.100048	0.035042
43.103059	2.100031	0.035098
44.153090	2.100018	0.035160
45.203077	2.100017	0.035222
46.253107	2.100002	0.035274
47.303079	2.100006	0.035330
48.353113	2.099982	0.035394
49.403061	2.099944	0.035458
50.453057	2.099937	0.035510
51.502998	2.099928	0.035568
52.552985	2.099921	0.035634
53.602919	2.099902	0.035694
54.652887	2.099887	0.035762
55.702806	2.099876	0.035828
56.752763	2.099867	0.035886
57.802673	2.099869	0.035942
58.852632	2.099840	0.036004
59.902513	2.099811	0.036070
60.952443	2.099825	0.036130
62.002338	2.099817	0.036192
63.052260	2.099807	0.036256
64.102145	2.099795	0.036318
65.152055	2.099753	0.036374
66.201898	2.099744	0.036440
67.251799	2.099733	0.036510
68.301631	2.099718	0.036570
69.351517	2.099708	0.036630
70.401339	2.099698	0.036690
71.451215	2.099683	0.036754
72.501022	2.099685	0.036828
73.550900	2.099706	0.036888
74.600728	2.099671	0.036940
75.650571	2.099659	0.037006
76.700387	2.099650	0.037066
77.750221	2.099616	0.037126
78.800003	2.099618	0.037194
79.849839	2.099609	0.037262
80.899612	2.099584	0.037324
81.949423	2.099567	0.037390
82.999179	2.099557	0.037458
84.048980	2.099549	0.037516
85.098728	2.099551	0.037572
86.148531	2.099551	0.037642
87.198279	2.099523	0.037710
88.248054	2.099500	0.037772
89.297779	2.099507	0.037838
90.347561	2.099510	0.037902
91.397289	2.099498	0.037970
92.447059	2.099452	0.038030
93.496741	2.099445	0.038098
94.546504	2.099485	0.038168
95.596226	2.099450	0.038228
96.645954	2.099391	0.038300
97.695617	2.099398	0.038362
98.745352	2.099405	0.038428
99.795022	2.099404	0.038496
100.844756	2.099382	0.038556
101.894404	2.099355	0.038624
102.944111	2.099356	0.038694
103.993760	2.099331	0.038760
105.043442	2.099305	0.038828
106.093065	2.099298	0.038894
107.142740	2.099281	0.038964
108.192346	2.099290	0.039036
109.242030	2.099295	0.039104
110.291641	2.099252	0.039166
111.341282	2.099229	0.039228
112.390870	2.099229	0.039300
113.440511	2.099219	0.039370
114.490089	2.099211	0.039438
115.539722	2.099201	0.039500
116.589290	2.099212	0.039568
117.638934	2.099212	0.039636
118.688502	2.099194	0.039700
119.738128	2.099192	0.039772
120.787694	2.099180	0.039840
121.837308	2.099162	0.039912
122.886856	2.099152	0.039980
123.936460	2.099152	0.040040
124.986008	2.099144	0.040108
126.035604	2.099147	0.040176
127.085155	2.099109	0.040246
128.134713	2.099082	0.040322
129.184237	2.099120	0.040386
130.233833	2.099096	0.040458
131.283333	2.099036	0.040530
132.332869	2.099030	0.040590
133.382363	2.099020	0.040662
134.431889	2.099010	0.040738
135.481373	2.099015	0.040806
136.530904	2.099011	0.040872
137.580384	2.099026	0.040940
138.629930	2.099028	0.041012
139.679412	2.099012	0.041088
140.728942	2.098983	0.041156
141.778395	2.098970	0.041222
142.827912	2.098973	0.041296
143.877368	2.098962	0.041376
144.926874	2.098937	0.041440
145.976305	2.098916	0.041502
147.025790	2.098937	0.041576
148.075242	2.098907	0.041648
149.124697	2.098863	0.041722
150.174105	2.098884	0.041794
151.223581	2.098896	0.041866
152.273001	2.098873	0.041938
153.322454	2.098848	0.042012
154.371849	2.098845	0.042086
155.421299	2.098850	0.042162
156.470699	2.098858	0.042238
157.520157	2.098806	0.042298
158.569505	2.098760	0.042370
159.618917	2.098761	0.042454
160.668266	2.098773	0.042520
161.717690	2.098747	0.042604
162.767013	2.098769	0.042682
163.816459	2.098819	0.042746
164.865832	2.098766	0.042820
165.915225	2.098724	0.042894
166.964556	2.098732	0.042972
168.013957	2.098705	0.043046
169.063261	2.098692	0.043114
170.112649	2.098695	0.043190
171.161956	2.098682	0.043268
172.211331	2.098710	0.043346
173.260666	2.098680	0.043424
174.310011	2.098641	0.043494
175.359307	2.098648	0.043566
176.408659	2.098629	0.043634
177.457936	2.098616	0.043708
178.507275	2.098609	0.043790
179.556545	2.098597	0.043862
180.605872	2.098608	0.043944
181.655153	2.098590	0.044022
182.704462	2.098557	0.044084
183.753710	2.098561	0.044160
184.803023	2.098549	0.044242
185.852259	2.098524	0.044326
186.901547	2.098533	0.044406
187.950792	2.098534	0.044480
189.000081	2.098532	0.044558
190.049324	2.098553	0.044632
191.098634	2.098553	0.044708
192.147877	2.098532	0.044790
193.197166	2.098523	0.044868
194.246400	2.098503	0.044940
195.295669	2.098474	0.045014
196.344874	2.098480	0.045088
197.394149	2.098482	0.045162
198.443356	2.098459	0.045240
199.492608	2.098435	0.045320
200.541791	2.098431	0.045402
201.591039	2.098396	0.045486
202.640187	2.098421	0.045558
203.689460	2.098439	0.045636
204.738626	2.098424	0.045728
205.787884	2.098410	0.045812
206.837036	2.098350	0.045892
207.886234	2.098341	0.045976
208.935377	2.098341	0.046054
209.984575	2.098364	0.046130
211.033741	2.098370	0.046206
212.082945	2.098377	0.046286
213.132118	2.098319	0.046360
214.181264	2.098246	0.046436
215.230364	2.098242	0.046516
216.279506	2.098254	0.046596
217.328618	2.098314	0.046680
218.377820	2.098331	0.046752
219.426949	2.098320	0.046834
220.476140	2.098313	0.046916
221.525262	2.098304	0.046988
222.574444	2.098290	0.047068
223.623552	2.098247	0.047156
224.672691	2.098250	0.047242
225.721802	2.098247	0.047324
226.770938	2.098232	0.047408
227.820034	2.098282	0.047492
228.869220	2.098292	0.047572
229.918326	2.098274	0.047648
230.967494	2.098252	0.047728
232.016578	2.098238	0.047808
233.065732	2.098206	0.047900
234.114784	2.098156	0.047988
235.163888	2.098152	0.048076
236.212936	2.098151	0.048168
237.262039	2.098137	0.048242
238.311073	2.098192	0.048318
239.360231	2.098134	0.048406
240.409207	2.098086	0.048502
241.458317	2.098128	0.048590
242.507335	2.098120	0.048670
243.556437	2.098113	0.048758
244.605448	2.098104	0.048844
245.654541	2.098112	0.048926
246.703560	2.098102	0.049012
247.752643	2.098090	0.049090
248.801650	2.098090	0.049168
249.850733	2.098091	0.049258
250.899741	2.098077	0.049346
251.948810	2.098053	0.049436
252.997794	2.098053	0.049528
254.046863	2.098080	0.049594
255.095874	2.098015	0.049672
256.144878	2.097965	0.049776
257.193839	2.098011	0.049870
258.242889	2.098007	0.049950
259.291846	2.097972	0.050032
260.340861	2.097965	0.050122
261.389811	2.097969	0.050214
262.438830	2.097971	0.050308
263.487782	2.097975	0.050396
264.536805	2.097965	0.050482
265.585747	2.097943	0.050570
266.634748	2.097947	0.050668
267.683694	2.097988	0.050756
268.732736	2.097960	0.050836
269.781654	2.097915	0.050924
270.830651	2.097922	0.051014
271.879576	2.097917	0.051104
272.928568	2.097905	0.051188
273.977481	2.097889	0.051274
275.026457	2.097866	0.051374
276.075347	2.097941	0.051446
277.124398	2.097915	0.051532
278.173262	2.097800	0.051632
279.222198	2.097923	0.051720
280.271185	2.097856	0.051814
281.320054	2.097793	0.051904
282.368978	2.097945	0.051996
283.417999	2.097868	0.052086
284.466846	2.097808	0.052176
285.515807	2.097843	0.052262
286.564689	2.097841	0.052350
287.613648	2.097809	0.052444
288.662498	2.097776	0.052544
289.711424	2.097765	0.052636
290.760263	2.097767	0.052726
291.809191	2.097781	0.052822
292.858044	2.097774	0.052912
293.906965	2.097752	0.053010
294.955796	2.097738	0.053096
296.004703	2.097765	0.053178
297.053561	2.097752	0.053270
298.102455	2.097837	0.053358
299.151398	2.097831	0.053456
300.200286	2.097722	0.053560
301.249120	2.097775	0.053660
302.298061	2.097745	0.053754
303.346865	2.097682	0.053842
304.395743	2.097707	0.053938
305.444572	2.097736	0.054032
306.493479	2.097695	0.054122
307.542267	2.097690	0.054218
308.591169	2.097709	0.054318
309.639976	2.097701	0.054420
310.688870	2.097706	0.054512
311.737682	2.097695	0.054600
312.786565	2.097675	0.054694
313.835357	2.097668	0.054790
314.884233	2.097701	0.054898
315.933058	2.097682	0.054996
316.981915	2.097634	0.055078
318.030692	2.097636	0.055172
319.079551	2.097644	0.055266
320.128336	2.097644	0.055364
321.177195	2.097632	0.055458
322.225968	2.097630	0.055552
323.274825	2.097610	0.055650
324.323578	2.097611	0.055744
325.372436	2.097625	0.055844
326.421203	2.097623	0.055934
327.470059	2.097615	0.056030
328.518818	2.097578	0.056136
329.567637	2.097600	0.056238
330.616418	2.097600	0.056328
331.665237	2.097514	0.056426
332.713932	2.097513	0.056532
333.762750	2.097532	0.056628
334.811464	2.097519	0.056728
335.860269	2.097518	0.056830
336.908982	2.097515	0.056932
337.957784	2.097524	0.057032
339.006506	2.097524	0.057120
340.055308	2.097521	0.057212
341.104027	2.097505	0.057326
342.152813	2.097537	0.057430
343.201564	2.097559	0.057512
344.250372	2.097493	0.057612
345.299057	2.097457	0.057722
346.347829	2.097462	0.057818
347.396519	2.097460	0.057922
348.445289	2.097447	0.058030
349.493966	2.097453	0.058128
350.542742	2.097466	0.058232
351.591432	2.097455	0.058336
352.640197	2.097430	0.058438
353.688862	2.097433	0.058548
354.737630	2.097427	0.058648
355.786289	2.097419	0.058750
356.835049	2.097396	0.058858
357.883685	2.097345	0.058962
358.932394	2.097348	0.059064
359.981033	2.097353	0.059178
361.029747	2.097341	0.059286
362.078374	2.097374	0.059384
363.127121	2.097338	0.059498
364.175712	2.097271	0.059604
365.224392	2.097268	0.059704
366.272980	2.097286	0.059808
367.321678	2.097317	0.059916
368.370297	2.097326	0.060030
369.419004	2.097362	0.060144
370.467659	2.097297	0.060246
371.516301	2.097272	0.060346
372.564931	2.097295	0.060454
373.613596	2.097265	0.060560
374.662196	2.097283	0.060664
375.710879	2.097260	0.060778
376.759456	2.097291	0.060896
377.808170	2.097309	0.060992
378.856765	2.097267	0.061078
379.905437	2.097276	0.061202
380.954041	2.097280	0.061326
382.002717	2.097252	0.061422
383.051293	2.097246	0.061526
384.099963	2.097240	0.061634
385.148533	2.097213	0.061750
386.197176	2.097218	0.061852
387.245751	2.097253	0.061958
388.294429	2.097247	0.062086
389.342998	2.097211	0.062192
390.391640	2.097214	0.062296
391.440212	2.097233	0.062408
392.488873	2.097227	0.062514
393.537439	2.097213	0.062618
394.586086	2.097204	0.062732
395.634643	2.097202	0.062850
396.683288	2.097195	0.062964
397.731838	2.097179	0.063072
398.780467	2.097161	0.063190
399.828999	2.097157	0.063314
400.877624	2.097180	0.063424
401.926179	2.097164	0.063534
402.974788	2.097128	0.063656
404.023307	2.097155	0.063774
405.071943	2.097140	0.063878
406.120447	2.097102	0.063994
407.169045	2.097099	0.064122
408.217546	2.097113	0.064240
409.266158	2.097122	0.064348
410.314668	2.097084	0.064460
411.363242	2.097071	0.064584
412.411739	2.097115	0.064694
413.460357	2.097102	0.064814
414.508841	2.097053	0.064930
415.557410	2.097071	0.065040
416.605912	2.097069	0.065160
417.654479	2.097053	0.065274
418.702965	2.097085	0.065390
419.751564	2.097086	0.065508
420.800051	2.097065	0.065634
421.848629	2.097060	0.065750
422.897111	2.097060	0.065854
423.945689	2.097057	0.065974
424.994168	2.097018	0.066100
426.042707	2.097013	0.066214
427.091181	2.097031	0.066338
428.139738	2.097009	0.066476
429.188190	2.097005	0.066600
430.236743	2.097019	0.066714
431.285209	2.097003	0.066822
432.333746	2.096952	0.066936
433.382161	2.096969	0.067054
434.430715	2.096992	0.067174
435.479153	2.096994	0.067306
436.527709	2.096997	0.067434
437.576150	2.096977	0.067560
438.624686	2.096978	0.067680
439.673128	2.096981	0.067796
440.721667	2.096998	0.067922
441.770126	2.096984	0.068052
442.818651	2.096945	0.068178
443.867071	2.096946	0.068294
444.915597	2.096955	0.068422
445.964026	2.096922	0.068548
447.012519	2.096911	0.068662
448.060937	2.096940	0.068790
449.109459	2.096920	0.068926
450.157857	2.096909	0.069058
451.206368	2.096935	0.069168
452.254792	2.096951	0.069296
453.303319	2.096939	0.069438
454.351731	2.096953	0.069570
455.400272	2.096961	0.069704
456.448692	2.096930	0.069816
457.497202	2.096935	0.069940
458.545627	2.096941	0.070074
459.594143	2.096910	0.070194
460.642537	2.096893	0.070334
461.691036	2.096905	0.070468
462.739442	2.096878	0.070580
463.787914	2.096879	0.070704
464.836321	2.096919	0.070826
465.884833	2.096891	0.070966
466.933212	2.096873	0.071104
467.981706	2.096872	0.071224
469.030084	2.096860	0.071348
470.078566	2.096857	0.071476
471.126941	2.096868	0.071606
472.175434	2.096845	0.071732
473.223786	2.096845	0.071860
474.272279	2.096848	0.071998
475.320634	2.096832	0.072132
476.369111	2.096832	0.072258
477.417466	2.096815	0.072388
478.465926	2.096842	0.072520
479.514308	2.096838	0.072644
480.562764	2.096820	0.072776
481.611128	2.096836	0.072912
482.659600	2.096829	0.073036
483.707957	2.096801	0.073166
484.756401	2.096810	0.073294
485.804767	2.096815	0.073422
486.853216	2.096782	0.073560
487.901549	2.096768	0.073690
488.949984	2.096790	0.073812
489.998339	2.096796	0.073942
491.046780	2.096771	0.074084
492.095110	2.096746	0.074220
493.143526	2.096718	0.074348
494.191828	2.096759	0.074476
495.240285	2.096758	0.074610
496.288586	2.096695	0.074748
497.336980	2.096665	0.074888
498.385251	2.096679	0.075030
499.433659	2.096706	0.075170
500.481957	2.096705	0.075302
501.530364	2.096680	0.075444
502.578637	2.096649	0.075582
503.627013	2.096695	0.075710
504.675332	2.096697	0.075848
505.723710	2.096672	0.075992
506.772004	2.096681	0.076144
507.820391	2.096634	0.076286
508.868638	2.096647	0.076428
509.917038	2.096659	0.076572
510.965297	2.096654	0.076698
512.013692	2.096635	0.076836
513.061932	2.096665	0.076984
514.110357	2.096693	0.077126
515.158625	2.096626	0.077266
516.206983	2.096603	0.077414
517.255228	2.096598	0.077560
518.303581	2.096602	0.077702
519.351830	2.096612	0.077848
520.400193	2.096642	0.077978
521.448472	2.096630	0.078124
522.496823	2.096580	0.078270
523.545052	2.096580	0.078408
524.593403	2.096627	0.078554
525.641679	2.096634	0.078694
526.690037	2.096584	0.078850
527.738263	2.096585	0.078994
528.786622	2.096596	0.079148
529.834859	2.096574	0.079302
530.883196	2.096470	0.079440
531.931329	2.096536	0.079582
532.979732	2.096617	0.079736
534.027946	2.096537	0.079888
535.076269	2.096512	0.080038
536.124458	2.096529	0.080196
537.172798	2.096568	0.080340
538.221026	2.096543	0.080480
539.269341	2.096510	0.080638
540.317536	2.096544	0.080788
541.365885	2.096535	0.080926
542.414071	2.096527	0.081082
543.462412	2.096542	0.081228
544.510613	2.096527	0.081370
545.558939	2.096514	0.081526
546.607127	2.096456	0.081674
547.655395	2.096425	0.081818
548.703552	2.096434	0.081976
549.751829	2.096501	0.082154
550.800053	2.096577	0.082306
551.848406	2.096510	0.082448
552.896563	2.096467	0.082618
553.944873	2.096483	0.082770
554.993046	2.096482	0.082908
556.041355	2.096467	0.083062
557.089513	2.096451	0.083218
558.137806	2.096466	0.083368
559.185979	2.096480	0.083518
560.234286	2.096468	0.083672
561.282447	2.096444	0.083830
562.330730	2.096435	0.083984
563.378882	2.096441	0.084136
564.427171	2.096485	0.084278
565.475367	2.096456	0.084426
566.523627	2.096401	0.084598
567.571768	2.096386	0.084752
568.620013	2.096382	0.084906
569.668150	2.096400	0.085060
570.716413	2.096401	0.085218
571.764551	2.096405	0.085374
572.812818	2.096393	0.085540
573.860944	2.096419	0.085732
574.909237	2.096408	0.085886
575.957352	2.096393	0.086008
577.005630	2.096375	0.086168
578.053727	2.096364	0.086350
579.101994	2.096397	0.086500
580.150124	2.096410	0.086656
581.198404	2.096464	0.086796
582.246588	2.096317	0.086952
583.294721	2.096217	0.087146
584.342805	2.096375	0.087278
585.391096	2.096237	0.087448
586.439042	2.096141	0.087648
587.487237	2.096382	0.087778
588.535424	2.096398	0.087940
589.583635	2.096312	0.088110
590.631736	2.096356	0.088256
591.679991	2.096342	0.088430
592.728078	2.096310	0.088600
593.776301	2.096316	0.088762
594.824394	2.096295	0.088944
595.872596	2.096288	0.089112
596.920682	2.096334	0.089272
597.968930	2.096286	0.089448
599.016968	2.096240	0.089620
600.065170	2.096228	0.089656
601.113196	2.096179	0.089840
602.161349	2.096207	0.090146
603.209403	2.096280	0.090290
604.257629	2.096292	0.090470
605.305695	2.096274	0.090658
606.353903	2.096277	0.090822
607.401972	2.096227	0.090992
608.450130	2.096116	0.091184
609.498088	2.096197	0.091324
610.546327	2.096329	0.091486
611.594417	2.096291	0.091706
612.642618	2.096270	0.091892
613.690687	2.096209	0.092062
614.738827	2.096248	0.092222
615.786935	2.096298	0.092382
616.835125	2.096254	0.092550
617.883189	2.096194	0.092750
618.931319	2.096226	0.092934
619.979415	2.096426	0.093094
621.027745	2.096221	0.093262
622.075636	2.096074	0.093444
623.123819	2.096203	0.093634
624.171839	2.096177	0.093790
625.219996	2.096174	0.093960
626.268013	2.096208	0.094154
627.316204	2.096218	0.094328
628.364231	2.096208	0.094506
629.412412	2.096216	0.094684
630.460447	2.096208	0.094866
631.508620	2.096204	0.095040
632.556651	2.096177	0.095214
633.604797	2.096136	0.095418
634.652787	2.096127	0.095598
635.700924	2.096141	0.095768
636.748928	2.096134	0.095944
637.797058	2.096109	0.096128
638.845037	2.096122	0.096306
639.893180	2.096131	0.096488
640.941168	2.096146	0.096672
641.989326	2.096154	0.096840
643.037322	2.096125	0.097028
644.085451	2.096102	0.097214
645.133424	2.096101	0.097384
646.181552	2.096112	0.097564
647.229536	2.096137	0.097756
648.277689	2.096198	0.097938
649.325734	2.096110	0.098120
650.373799	2.096014	0.098306
651.421748	2.096049	0.098484
652.469848	2.096076	0.098664
653.517824	2.096124	0.098832
654.565972	2.096090	0.099024
655.613914	2.096071	0.099228
656.662043	2.096077	0.099426
657.709991	2.096021	0.099610
658.758064	2.096024	0.099788
659.806015	2.096096	0.099978
660.854160	2.096023	0.100184
661.902038	2.095915	0.100376
662.950075	2.096030	0.100562
663.998068	2.096126	0.100760
665.046201	2.096068	0.100922
666.094136	2.096055	0.101088
667.142256	2.096031	0.101292
668.190167	2.095983	0.101490
669.238239	2.096028	0.101678
670.286195	2.096021	0.101886
671.334260	2.095990	0.102092
672.382185	2.096030	0.102278
673.430290	2.096050	0.102452
674.478235	2.096022	0.102642
675.526312	2.095994	0.102840
676.574229	2.096012	0.103022
677.622324	2.096015	0.103220
678.670244	2.095970	0.103420
679.718294	2.095946	0.103628
680.766190	2.096008	0.103828
681.814302	2.096009	0.104020
682.862199	2.095985	0.104210
683.910287	2.095972	0.104406
684.958171	2.095942	0.104626
686.006229	2.095963	0.104822
687.054134	2.096002	0.105012
688.102231	2.095986	0.105230
689.150120	2.095932	0.105432
690.198163	2.095920	0.105618
691.246040	2.095925	0.105808
692.294088	2.095932	0.106020
693.341972	2.095902	0.106236
694.389990	2.095912	0.106448
695.437884	2.095938	0.106656
696.485928	2.095913	0.106848
697.533797	2.095909	0.107054
698.581837	2.095928	0.107270
699.629725	2.095945	0.107470
700.677782	2.095882	0.107676
701.725607	2.095928	0.107882
702.773710	2.096011	0.108088
703.821618	2.095936	0.108284
704.869646	2.095902	0.108476
705.917520	2.095941	0.108684
706.965587	2.095908	0.108902
708.013428	2.095863	0.109116
709.061450	2.095908	0.109308
710.109336	2.095946	0.109488
711.157396	2.095918	0.109704
712.205254	2.095857	0.109924
713.253253	2.095826	0.110126
714.301080	2.095844	0.110336
715.349097	2.095856	0.110550
716.396936	2.095838	0.110756
717.444935	2.095843	0.110970
718.492779	2.095835	0.111190
719.540770	2.095841	0.111400
720.588620	2.095885	0.111592
721.636655	2.095828	0.111806
722.684448	2.095740	0.112036
723.732395	2.095724	0.112242
724.780172	2.095760	0.112440
725.828155	2.095766	0.112662
726.875938	2.095799	0.112904
727.923954	2.095841	0.113128
728.971779	2.095768	0.113322
730.019722	2.095733	0.113532
731.067512	2.095779	0.113776
732.115501	2.095804	0.113998
733.163316	2.095840	0.114208
734.211341	2.095794	0.114426
735.259110	2.095718	0.114644
736.307059	2.095764	0.114850
737.354874	2.095785	0.115064
738.402844	2.095764	0.115280
739.450638	2.095788	0.115500
740.498632	2.095811	0.115736
741.546449	2.095715	0.115962
742.594347	2.095706	0.116178
743.642155	2.095762	0.116370
744.690109	2.095765	0.116578
745.737920	2.095751	0.116812
746.785860	2.095690	0.117048
747.833610	2.095761	0.117268
748.881621	2.095700	0.117502
749.929310	2.095648	0.117760
750.977269	2.095767	0.117970
752.025077	2.095749	0.118170
753.073018	2.095695	0.118404
754.120772	2.095705	0.118636
755.168723	2.095716	0.118858
756.216488	2.095691	0.119068
757.264414	2.095653	0.119288
758.312141	2.095736	0.119518
759.360150	2.095774	0.119744
760.407915	2.095672	0.119982
761.455822	2.095632	0.120216
762.503547	2.095654	0.120434
763.551476	2.095642	0.120676
764.599189	2.095618	0.120914
765.647094	2.095682	0.121152
766.694871	2.095697	0.121394
767.742791	2.095665	0.121634
768.790536	2.095650	0.121872
769.838441	2.095660	0.122098
770.886196	2.095674	0.122336
771.934115	2.095643	0.122590
772.981839	2.095639	0.122818
774.029754	2.095649	0.123052
775.077488	2.095694	0.123276
776.125448	2.095670	0.123484
777.173158	2.095609	0.123752
778.221057	2.095635	0.123994
779.268793	2.095649	0.124202
780.316706	2.095592	0.124440
781.364385	2.095631	0.124674
782.412337	2.095649	0.124926
783.460034	2.095601	0.125188
784.507938	2.095601	0.125428
785.555635	2.095620	0.125650
786.603558	2.095635	0.125884
787.651270	2.095575	0.126160
788.699133	2.095536	0.126414
789.746806	2.095525	0.126628
790.794658	2.095492	0.126868
791.842298	2.095495	0.127120
792.890153	2.095580	0.127366
793.937878	2.095647	0.127616
794.985800	2.095547	0.127860
796.033425	2.095513	0.128098
797.081313	2.095533	0.128358
798.128958	2.095525	0.128592
799.176838	2.095547	0.128824
800.224505	2.095534	0.129078
801.272372	2.095532	0.129320
802.320037	2.095477	0.129562
803.367849	2.095543	0.129822
804.415580	2.095589	0.130068
805.463438	2.095481	0.130320
806.511061	2.095468	0.130574
807.558906	2.095505	0.130828
808.606566	2.095527	0.131080
809.654433	2.095482	0.131330
810.702048	2.095451	0.131588
811.749884	2.095414	0.131856
812.797462	2.095431	0.132124
813.845315	2.095476	0.132386
814.892938	2.095452	0.132632
815.940767	2.095409	0.132878
816.988347	2.095404	0.133138
818.036171	2.095433	0.133402
819.083780	2.095459	0.133668
820.131630	2.095459	0.133936
821.179239	2.095447	0.134210
822.227077	2.095417	0.134482
823.274656	2.095394	0.134744
824.322471	2.095407	0.135006
825.370063	2.095443	0.135258
826.417914	2.095462	0.135520
827.465525	2.095350	0.135822
828.513264	2.095368	0.136076
829.560893	2.095430	0.136310
830.608694	2.095406	0.136536
831.656299	2.095394	0.136786
832.704088	2.095374	0.137112
833.751673	2.095408	0.137394
834.799496	2.095389	0.137640
835.847062	2.095374	0.137892
836.894870	2.095360	0.138148
837.942422	2.095424	0.138420
838.990294	2.095449	0.138716
840.037871	2.095377	0.138966
841.085671	2.095385	0.139210
842.133256	2.095389	0.139484
843.181060	2.095364	0.139748
844.228620	2.095350	0.140000
845.276410	2.095330	0.140280
846.323950	2.095335	0.140564
847.371745	2.095354	0.140842
848.419304	2.095313	0.141116
849.467058	2.095276	0.141388
850.514580	2.095300	0.141668
851.562358	2.095294	0.141924
852.609874	2.095332	0.142168
853.657690	2.095364	0.142448
854.705238	2.095338	0.142760
855.753028	2.095345	0.143036
856.800583	2.095319	0.143302
857.848347	2.095329	0.143574
858.895912	2.095313	0.143848
859.943660	2.095298	0.144128
860.991210	2.095339	0.144392
862.038999	2.095296	0.144670
863.086506	2.095309	0.144944
864.134308	2.095266	0.145256
865.181772	2.095235	0.145552
866.229543	2.095295	0.145790
867.277067	2.095320	0.146050
868.324863	2.095286	0.146330
869.372353	2.095111	0.146650
870.419974	2.095213	0.146900
871.467566	2.095323	0.147124
872.515297	2.095262	0.147438
873.562828	2.095270	0.147712
874.610567	2.095226	0.147970
875.658054	2.095237	0.148272
876.705804	2.095247	0.148548
877.753301	2.095237	0.148830
878.801041	2.095201	0.149114
879.848502	2.095188	0.149388
880.896229	2.095215	0.149678
881.943717	2.095199	0.149962
882.991428	2.095234	0.150244
884.038951	2.095233	0.150506
885.086661	2.095206	0.150774
886.134157	2.095228	0.151054
887.181889	2.095214	0.151354