4.234894	2.110614	0.017908
5.290162	2.110507	0.017948
6.345401	2.110440	0.017986
7.400602	2.110400	0.018016
8.455801	2.110337	0.018050
9.510939	2.110285	0.018086
10.566086	2.110234	0.018124
11.621173	2.110178	0.018158
12.676264	2.110113	0.018192
13.731286	2.110050	0.018228
14.786314	2.109998	0.018268
15.841284	2.109953	0.018308
16.896267	2.109910	0.018342
17.951194	2.109863	0.018376
19.006130	2.109808	0.018412
20.061002	2.109767	0.018448
21.115897	2.109727	0.018486
22.170729	2.109682	0.018522
23.225579	2.109629	0.018554
24.280358	2.109564	0.018588
25.335143	2.109512	0.018626
26.389870	2.109463	0.018664
27.444606	2.109421	0.018700
28.499291	2.109384	0.018734
29.553990	2.109330	0.018768
30.608621	2.109268	0.018806
31.663258	2.109220	0.018844
32.717841	2.109172	0.018878
33.772430	2.109118	0.018912
34.826959	2.109067	0.018950
35.881497	2.109019	0.018986
36.935978	2.109010	0.019024
37.990507	2.108956	0.019090
39.044934	2.108898	0.019132
40.099405	2.108855	0.019138
41.153789	2.108796	0.019170
42.208201	2.108746	0.019210
43.262535	2.108682	0.019246
44.316883	2.108638	0.019282
45.371173	2.108586	0.019318
46.425469	2.108511	0.019358
47.479684	2.108447	0.019396
48.533916	2.108422	0.019432
49.588106	2.108398	0.019468
50.642314	2.108346	0.019504
51.696452	2.108286	0.019540
52.750600	2.108224	0.019580
53.804676	2.108161	0.019624
54.858761	2.108126	0.019658
55.912802	2.108101	0.019692
56.966862	2.108073	0.019732
58.020875	2.108029	0.019770
59.074891	2.107993	0.019806
60.128868	2.107969	0.019844
61.182860	2.107909	0.019884
62.236777	2.107857	0.019922
63.290717	2.107806	0.019958
64.344583	2.107722	0.019994
65.398439	2.107654	0.020034
66.452237	2.107619	0.020074
67.506058	2.107577	0.020112
68.559814	2.107568	0.020152
69.613626	2.107585	0.020192
70.667399	2.107554	0.020230
71.721180	2.107508	0.020268
72.774907	2.107474	0.020306
73.828654	2.107431	0.020344
74.882338	2.107373	0.020384
75.936027	2.107328	0.020422
76.989666	2.107300	0.020460
78.043327	2.107272	0.020498
79.096938	2.107223	0.020536
80.150550	2.107172	0.020576
81.204110	2.107128	0.020616
82.257678	2.107075	0.020652
83.311185	2.107039	0.020690
84.364717	2.107003	0.020730
85.418188	2.106955	0.020768
86.471672	2.106910	0.020808
87.525098	2.106896	0.020848
88.578568	2.106873	0.020888
89.631971	2.106806	0.020926
90.685374	2.106732	0.020968
91.738703	2.106686	0.021010
92.792060	2.106654	0.021052
93.845357	2.106609	0.021090
94.898669	2.106569	0.021126
95.951926	2.106545	0.021168
97.005214	2.106521	0.021208
98.058447	2.106496	0.021246
99.111710	2.106451	0.021288
100.164898	2.106400	0.021328
101.218110	2.106378	0.021368
102.271276	2.106335	0.021408
103.324445	2.106293	0.021446
104.377569	2.106275	0.021486
105.430720	2.106238	0.021524
106.483807	2.106217	0.021562
107.536937	2.106206	0.021602
108.590013	2.106161	0.021642
109.643098	2.106111	0.021680
110.696124	2.106061	0.021720
111.749159	2.106002	0.021762
112.802126	2.105957	0.021804
113.855116	2.105924	0.021848
114.908050	2.105914	0.021888
115.961030	2.105903	0.021924
117.013953	2.105878	0.021962
118.066908	2.105863	0.022004
119.119816	2.105809	0.022048
120.172717	2.105747	0.022090
121.225563	2.105726	0.022130
122.278443	2.105707	0.022170
123.331270	2.105677	0.022212
124.384120	2.105625	0.022256
125.436895	2.105567	0.022298
126.489687	2.105529	0.022338
127.542424	2.105493	0.022380
128.595180	2.105460	0.022424
129.647884	2.105429	0.022464
130.700609	2.105395	0.022502
131.753279	2.105383	0.022546
132.805992	2.105372	0.022592
133.858651	2.105350	0.022630
134.911342	2.105306	0.022672
135.963957	2.105252	0.022718
137.016594	2.105234	0.022760
138.069191	2.105205	0.022802
139.121799	2.105152	0.022842
140.174343	2.105132	0.022886
141.226931	2.105122	0.022930
142.279465	2.105087	0.022970
143.332018	2.105035	0.023012
144.384500	2.104981	0.023056
145.436999	2.104933	0.023102
146.489433	2.104907	0.023146
147.541906	2.104896	0.023188
148.594329	2.104879	0.023230
149.646785	2.104859	0.023270
150.699188	2.104831	0.023312
151.751616	2.104811	0.023356
152.803999	2.104782	0.023398
153.856398	2.104745	0.023440
154.908744	2.104706	0.023488
155.961104	2.104660	0.023536
157.013404	2.104636	0.023580
158.065740	2.104622	0.023620
159.118026	2.104599	0.023660
160.170339	2.104557	0.023706
161.222583	2.104532	0.023750
162.274871	2.104520	0.023794
163.327103	2.104491	0.023838
164.379362	2.104450	0.023880
165.431553	2.104428	0.023922
166.483790	2.104407	0.023964
167.535960	2.104370	0.024008
168.588160	2.104353	0.024052
169.640313	2.104322	0.024098
170.692482	2.104284	0.024144
171.744597	2.104251	0.024186
172.796733	2.104211	0.024230
173.848808	2.104178	0.024276
174.900911	2.104163	0.024318
175.952971	2.104134	0.024362
177.005045	2.104088	0.024410
178.057059	2.104073	0.024458
179.109118	2.104059	0.024504
180.161118	2.104048	0.024548
181.213166	2.104034	0.024592
182.265152	2.104012	0.024636
183.317178	2.103996	0.024680
184.369148	2.103961	0.024724
185.421139	2.103945	0.024766
186.473093	2.103939	0.024810
187.525078	2.103901	0.024856
188.576994	2.103857	0.024900
189.628935	2.103820	0.024946
190.680814	2.103808	0.024988
191.732743	2.103793	0.025034
192.784607	2.103748	0.025082
193.836491	2.103709	0.025126
194.888316	2.103668	0.025168
195.940159	2.103617	0.025214
196.991933	2.103597	0.025258
198.043756	2.103589	0.025304
199.095522	2.103573	0.025352
200.147329	2.103544	0.025398
201.199066	2.103505	0.025444
202.250834	2.103488	0.025488
203.302554	2.103469	0.025536
204.354303	2.103447	0.025582
205.406001	2.103425	0.025626
206.457728	2.103402	0.025672
207.509403	2.103367	0.025718
208.561095	2.103328	0.025762
209.612731	2.103299	0.025806
210.664394	2.103273	0.025852
211.716004	2.103264	0.025900
212.767658	2.103248	0.025948
213.819252	2.103218	0.025992
214.870876	2.103185	0.026040
215.922437	2.103186	0.026086
216.974062	2.103183	0.026132
218.025620	2.103122	0.026180
219.077184	2.103070	0.026228
220.128690	2.103047	0.026272
221.180231	2.103014	0.026318
222.231704	2.102976	0.026372
223.283207	2.102948	0.026418
224.334652	2.102937	0.026464
225.386144	2.102917	0.026512
226.437569	2.102889	0.026562
227.489033	2.102872	0.026610
228.540441	2.102836	0.026658
229.591869	2.102800	0.026710
230.643241	2.102787	0.026754
231.694656	2.102773	0.026796
232.746014	2.102748	0.026848
233.797404	2.102717	0.026904
234.848731	2.102689	0.026954
235.900093	2.102671	0.027002
236.951402	2.102652	0.027048
238.002745	2.102632	0.027094
239.054034	2.102600	0.027144
240.105345	2.102563	0.027194
241.156597	2.102563	0.027246
242.207908	2.102566	0.027296
243.259163	2.102565	0.027342
244.310473	2.102561	0.027394
245.361724	2.102519	0.027444
246.412992	2.102474	0.027492
247.464198	2.102460	0.027544
248.515452	2.102445	0.027592
249.566643	2.102399	0.027642
250.617851	2.102369	0.027690
251.669012	2.102347	0.027736
252.720198	2.102324	0.027784
253.771336	2.102320	0.027832
254.822518	2.102296	0.027884
255.873632	2.102297	0.027932
256.924815	2.102298	0.027982
257.975930	2.102273	0.028032
259.027088	2.102263	0.028076
260.078193	2.102255	0.028126
261.129343	2.102231	0.028182
262.180424	2.102197	0.028232
263.231540	2.102178	0.028280
264.282602	2.102161	0.028332
265.333701	2.102139	0.028386
266.384741	2.102120	0.028438
267.435821	2.102095	0.028486
268.486836	2.102061	0.028536
269.537882	2.102036	0.028584
270.588872	2.102012	0.028636
271.639894	2.101984	0.028696
272.690856	2.101941	0.028748
273.741835	2.101898	0.028798
274.792754	2.101885	0.028848
275.843720	2.101865	0.028896
276.894619	2.101846	0.028950
277.945566	2.101841	0.029004
278.996460	2.101842	0.029060
280.047408	2.101837	0.029116
281.098297	2.101836	0.029166
282.149244	2.101822	0.029216
283.200119	2.101761	0.029266
284.251005	2.101717	0.029318
285.301836	2.101722	0.029372
286.352727	2.101718	0.029422
287.403554	2.101691	0.029472
288.454418	2.101679	0.029524
289.505233	2.101664	0.029574
290.556082	2.101628	0.029632
291.606861	2.101615	0.029686
292.657697	2.101594	0.029734
293.708455	2.101562	0.029790
294.759259	2.101550	0.029842
295.810005	2.101545	0.029890
296.860804	2.101549	0.029944
297.911554	2.101526	0.030000
298.962330	2.101487	0.030052
300.013041	2.101452	0.030102
301.063782	2.101401	0.030156
302.114442	2.101369	0.030212
303.165151	2.101363	0.030262
304.215805	2.101379	0.030314
305.266530	2.101384	0.030372
306.317189	2.101359	0.030430
307.367889	2.101350	0.030486
308.418539	2.101337	0.030538
309.469226	2.101297	0.030588
310.519836	2.101259	0.030644
311.570485	2.101243	0.030698
312.621079	2.101260	0.030750
313.671745	2.101272	0.030806
314.722351	2.101234	0.030862
315.772979	2.101184	0.030918
316.823535	2.101172	0.030974
317.874151	2.101172	0.031030
318.924707	2.101150	0.031086
319.975301	2.101115	0.031146
321.025822	2.101096	0.031204
322.076397	2.101099	0.031254
323.126921	2.101076	0.031306
324.177473	2.101047	0.031366
325.227968	2.101049	0.031424
326.278522	2.101039	0.031476
327.329007	2.101028	0.031522
328.379550	2.101018	0.031576
329.430025	2.100996	0.031630
330.480546	2.100973	0.031684
331.530998	2.100930	0.031740
332.581476	2.100867	0.031796
333.631865	2.100849	0.031858
334.682325	2.100868	0.031914
335.732733	2.100864	0.031970
336.783189	2.100861	0.032030
337.833594	2.100838	0.032084
338.884027	2.100815	0.032142
339.934409	2.100792	0.032202
340.984819	2.100758	0.032258
342.035167	2.100762	0.032314
343.085581	2.100762	0.032370
344.135929	2.100752	0.032430
345.186333	2.100740	0.032486
346.236669	2.100696	0.032542
347.287029	2.100656	0.032602
348.337325	2.100657	0.032662
349.387686	2.100643	0.032720
350.437968	2.100615	0.032780
351.488301	2.100595	0.032842
352.538563	2.100581	0.032902
353.588882	2.100584	0.032960
354.639147	2.100564	0.033018
355.689446	2.100536	0.033068
356.739683	2.100536	0.033118
357.789982	2.100527	0.033192
358.840210	2.100504	0.033260
359.890486	2.100493	0.033324
360.940703	2.100477	0.033386
361.990963	2.100448	0.033442
363.041151	2.100442	0.033502
364.091405	2.100443	0.033558
365.141594	2.100431	0.033612
366.191836	2.100415	0.033668
367.242009	2.100398	0.033726
368.292234	2.100411	0.033784
369.342420	2.100416	0.033844
370.392650	2.100384	0.033904
371.442804	2.100380	0.033960
372.493030	2.100352	0.034020
373.543156	2.100300	0.034084
374.593330	2.100297	0.034140
375.643453	2.100273	0.034198
376.693603	2.100245	0.034258
377.743698	2.100257	0.034316
378.793860	2.100249	0.034376
379.843947	2.100238	0.034434
380.894098	2.100235	0.034496
381.944182	2.100201	0.034564
382.994299	2.100160	0.034626
384.044342	2.100147	0.034688
385.094446	2.100139	0.034752
386.144481	2.100132	0.034810
387.194578	2.100130	0.034880
388.244611	2.100114	0.034946
389.294692	2.100089	0.035004
390.344700	2.100072	0.035064
391.394764	2.100062	0.035124
392.444762	2.100078	0.035184
393.494842	2.100096	0.035244
394.544858	2.100081	0.035308
395.594923	2.100074	0.035370
396.644932	2.100063	0.035436
397.694986	2.100042	0.035496
398.744974	2.100040	0.035544
399.795026	2.100023	0.035608
400.844997	2.099972	0.035678
401.894998	2.099952	0.035736
402.944949	2.099936	0.035794
403.994934	2.099921	0.035860
405.044870	2.099924	0.035924
406.094858	2.099897	0.035984
407.144767	2.099873	0.036050
408.194731	2.099864	0.036114
409.244631	2.099878	0.036178
410.294609	2.099876	0.036242
411.344507	2.099861	0.036306
412.394470	2.099843	0.036372
413.444350	2.099801	0.036440
414.494271	2.099768	0.036510
415.544118	2.099772	0.036572
416.594043	2.099787	0.036622
417.643905	2.099786	0.036674
418.693829	2.099770	0.036734
419.743675	2.099773	0.036798
420.793602	2.099784	0.036864
421.843459	2.099757	0.036930
422.893359	2.099730	0.036998
423.943189	2.099716	0.037062
424.993075	2.099703	0.037126
426.042892	2.099690	0.037188
427.092765	2.099679	0.037246
428.142571	2.099675	0.037310
429.192440	2.099657	0.037384
430.242228	2.099641	0.037456
431.292081	2.099627	0.037526
432.341855	2.099614	0.037590
433.391695	2.099607	0.037650
434.441462	2.099578	0.037720
435.491273	2.099575	0.037786
436.541037	2.099595	0.037846
437.590868	2.099586	0.037916
438.640623	2.099540	0.037986
439.690408	2.099494	0.038052
440.740117	2.099523	0.038118
441.789931	2.099536	0.038182
442.839653	2.099504	0.038246
443.889435	2.099497	0.038314
444.939150	2.099493	0.038384
445.988928	2.099477	0.038448
447.038627	2.099454	0.038510
448.088382	2.099420	0.038580
449.138047	2.099389	0.038650
450.187771	2.099407	0.038718
451.237454	2.099407	0.038784
452.287178	2.099399	0.038852
453.336853	2.099405	0.038926
454.386583	2.099348	0.038998
455.436201	2.099319	0.039070
456.485902	2.099343	0.039148
457.535544	2.099334	0.039220
458.585236	2.099310	0.039284
459.634854	2.099291	0.039348
460.684527	2.099266	0.039414
461.734120	2.099249	0.039496
462.783776	2.099237	0.039580
463.833357	2.099236	0.039646
464.883012	2.099231	0.039704
465.932588	2.099208	0.039776
466.982220	2.099208	0.039852
468.031796	2.099227	0.039920
469.081447	2.099211	0.039986
470.131007	2.099162	0.040054
471.180609	2.099136	0.040126
472.230143	2.099163	0.040198
473.279772	2.099180	0.040268
474.329323	2.099158	0.040338
475.378930	2.099126	0.040408
476.428449	2.099114	0.040474
477.478044	2.099131	0.040544
478.527580	2.099114	0.040620
479.577158	2.099076	0.040692
480.626656	2.099070	0.040756
481.676228	2.099090	0.040828
482.725746	2.099081	0.040900
483.775309	2.099021	0.040970
484.824767	2.099005	0.041042
485.874314	2.099029	0.041112
486.923796	2.099013	0.041192
487.973327	2.098961	0.041266
489.022757	2.098953	0.041334
490.072280	2.098971	0.041408
491.121728	2.098945	0.041484
492.171225	2.098910	0.041554
493.220638	2.098921	0.041624
494.270146	2.098962	0.041704
495.319600	2.098985	0.041780
496.369131	2.098949	0.041854
497.418549	2.098891	0.041926
498.468022	2.098894	0.041992
499.517443	2.098874	0.042066
500.566896	2.098843	0.042144
501.616286	2.098845	0.042220
502.665741	2.098836	0.042298
503.715122	2.098856	0.042372
504.764597	2.098879	0.042446
505.814001	2.098874	0.042518
506.863471	2.098854	0.042594
507.912855	2.098834	0.042670
508.962305	2.098790	0.042746
510.011645	2.098760	0.042826
511.061065	2.098749	0.042898
512.110394	2.098725	0.042972
513.159790	2.098717	0.043048
514.209111	2.098720	0.043118
515.258510	2.098720	0.043200
516.307831	2.098728	0.043282
517.357238	2.098737	0.043356
518.406568	2.098731	0.043432
519.455969	2.098725	0.043510
520.505293	2.098726	0.043586
521.554695	2.098718	0.043658
522.604011	2.098701	0.043730
523.653396	2.098690	0.043804
524.702701	2.098674	0.043890
525.752070	2.098660	0.043972
526.801361	2.098663	0.044046
527.850733	2.098671	0.044126
528.900032	2.098661	0.044200
529.949394	2.098630	0.044276
530.998662	2.098622	0.044352
532.048016	2.098629	0.044428
533.097291	2.098591	0.044510
534.146607	2.098548	0.044594
535.195839	2.098551	0.044674
536.245158	2.098552	0.044756
537.294391	2.098586	0.044838
538.343744	2.098618	0.044912
539.393009	2.098588	0.044990
540.442332	2.098571	0.045072
541.491580	2.098557	0.045148
542.540889	2.098538	0.045222
543.590118	2.098536	0.045304
544.639425	2.098519	0.045386
545.688637	2.098481	0.045462
546.737906	2.098496	0.045540
547.787133	2.098496	0.045630
548.836402	2.098444	0.045712
549.885577	2.098464	0.045786
550.934866	2.098489	0.045872
551.984066	2.098472	0.045948
553.033338	2.098462	0.046020
554.082528	2.098423	0.046100
555.131761	2.098362	0.046190
556.180890	2.098372	0.046280
557.230133	2.098394	0.046350
558.279284	2.098338	0.046428
559.328471	2.098296	0.046506
560.377580	2.098298	0.046580
561.426769	2.098298	0.046670
562.475878	2.098347	0.046768
563.525116	2.098369	0.046860
564.574247	2.098316	0.046938
565.623432	2.098290	0.047016
566.672537	2.098306	0.047098
567.721738	2.098314	0.047176
568.770851	2.098301	0.047266
569.820039	2.098299	0.047354
570.869150	2.098324	0.047428
571.918363	2.098329	0.047514
572.967479	2.098299	0.047598
574.016662	2.098291	0.047676
575.065770	2.098305	0.047764
576.114967	2.098310	0.047846
577.164080	2.098278	0.047924
578.213245	2.098222	0.048014
579.262302	2.098203	0.048112
580.311448	2.098233	0.048200
581.360535	2.098222	0.048306
582.409670	2.098158	0.048416
583.458693	2.098127	0.048502
584.507797	2.098128	0.048590
585.556821	2.098140	0.048674
586.605937	2.098116	0.048766
587.654937	2.098095	0.048858
588.704032	2.098102	0.048932
589.753039	2.098094	0.049006
590.802126	2.098076	0.049100
591.851115	2.098047	0.049190
592.900173	2.098049	0.049262
593.949164	2.098092	0.049360
594.998265	2.098087	0.049462
596.047251	2.098040	0.049522
597.096305	2.098053	0.049590
598.145304	2.098100	0.049676
599.194405	2.098086	0.049766
600.243390	2.098061	0.049856
601.292466	2.098056	0.049944
602.341446	2.098052	0.050036
603.390518	2.098067	0.050124
604.439513	2.098046	0.050206
605.488564	2.098015	0.050296
606.537528	2.098018	0.050388
607.586582	2.098012	0.050480
608.635540	2.098009	0.050564
609.684591	2.098035	0.050650
610.733575	2.098042	0.050742
611.782633	2.098017	0.050834
612.831592	2.098027	0.050924
613.880660	2.098034	0.051016
614.929626	2.098014	0.051108
615.978674	2.098009	0.051188
617.027635	2.098005	0.051278
618.076679	2.098001	0.051370
619.125636	2.097989	0.051460
620.174668	2.097964	0.051548
621.223600	2.097943	0.051636
622.272611	2.097913	0.051734
623.321513	2.097910	0.051826
624.370521	2.097910	0.051918
625.419423	2.097889	0.052014
626.468410	2.097866	0.052112
627.517289	2.097847	0.052210
628.566257	2.097830	0.052314
629.615119	2.097846	0.052410
630.664103	2.097868	0.052498
631.712987	2.097853	0.052594
632.761956	2.097849	0.052688
633.810836	2.097847	0.052776
634.859803	2.097866	0.052870
635.908702	2.097861	0.052964
636.957664	2.097811	0.053060
638.006513	2.097804	0.053170
639.055468	2.097785	0.053276
640.104298	2.097757	0.053376
641.153225	2.097759	0.053474
642.202057	2.097754	0.053562
643.250979	2.097784	0.053642
644.299841	2.097790	0.053746
645.348769	2.097747	0.053862
646.397588	2.097718	0.053952
647.446487	2.097692	0.054038
648.495280	2.097689	0.054144
649.544176	2.097695	0.054236
650.592975	2.097746	0.054326
651.641922	2.097785	0.054440
652.690760	2.097750	0.054508
653.739672	2.097749	0.054576
654.788509	2.097738	0.054710
655.837410	2.097672	0.054840
656.886181	2.097658	0.054922
657.935068	2.097680	0.055008
658.983861	2.097691	0.055130
660.032759	2.097707	0.055250
661.081568	2.097708	0.055312
662.130467	2.097675	0.055358
663.179243	2.097662	0.055458
664.228129	2.097659	0.055590
665.276902	2.097620	0.055700
666.325749	2.097622	0.055786
667.374524	2.097629	0.055892
668.423378	2.097610	0.055996
669.472134	2.097616	0.056080
670.520994	2.097615	0.056168
671.569749	2.097614	0.056262
672.618608	2.097616	0.056368
673.667365	2.097611	0.056474
674.716219	2.097581	0.056574
675.764946	2.097575	0.056672
676.813794	2.097609	0.056768
677.862555	2.097598	0.056866
678.911392	2.097560	0.056968
679.960115	2.097553	0.057070
681.008945	2.097553	0.057170
682.057668	2.097528	0.057272
683.106473	2.097507	0.057370
684.155175	2.097514	0.057470
685.203987	2.097543	0.057574
686.252718	2.097545	0.057672
687.301532	2.097510	0.057780
688.350228	2.097505	0.057892
689.399037	2.097483	0.057994
690.447711	2.097466	0.058098
691.496503	2.097496	0.058202
692.545207	2.097509	0.058302
693.594012	2.097489	0.058412
694.642696	2.097475	0.058524
695.691487	2.097465	0.058630
696.740161	2.097440	0.058738
697.788927	2.097450	0.058842
698.837611	2.097478	0.058950
699.886405	2.097483	0.059058
700.935094	2.097459	0.059156
701.983864	2.097453	0.059260
703.032547	2.097444	0.059370
704.081308	2.097437	0.059472
705.129984	2.097452	0.059576
706.178760	2.097389	0.059692
707.227373	2.097397	0.059798
708.276157	2.097438	0.059902
709.324811	2.097443	0.060014
710.373600	2.097479	0.060120
711.422290	2.097470	0.060224
712.471070	2.097400	0.060336
713.519690	2.097367	0.060452
714.568437	2.097363	0.060566
715.617053	2.097332	0.060682
716.665769	2.097318	0.060790
717.714371	2.097314	0.060902
718.763083	2.097332	0.061014
719.811703	2.097314	0.061122
720.860397	2.097271	0.061238
721.908974	2.097241	0.061352
722.957638	2.097234	0.061460
724.006208	2.097218	0.061572
725.054856	2.097210	0.061692
726.103418	2.097250	0.061804
727.152106	2.097268	0.061912
728.200686	2.097260	0.062024
729.249366	2.097239	0.062144
730.297925	2.097241	0.062262
731.346607	2.097251	0.062386
732.395176	2.097272	0.062496
733.443879	2.097250	0.062598
734.492426	2.097233	0.062712
735.541112	2.097253	0.062828
736.589679	2.097226	0.062946
737.638338	2.097202	0.063064
738.686881	2.097202	0.063178
739.735540	2.097209	0.063288
740.784090	2.097224	0.063400
741.832764	2.097199	0.063516
742.881289	2.097185	0.063642
743.929949	2.097213	0.063762
744.978502	2.097206	0.063872
746.027155	2.097204	0.063986
747.075706	2.097224	0.064100
748.124379	2.097233	0.064218
749.172939	2.097226	0.064326
750.221605	2.097205	0.064434
751.270144	2.097181	0.064556
752.318786	2.097178	0.064672
753.367322	2.097177	0.064784
754.415963	2.097159	0.064898
755.464481	2.097149	0.065010
756.513112	2.097125	0.065128
757.561606	2.097109	0.065256
758.610221	2.097139	0.065374
759.658745	2.097159	0.065494
760.707380	2.097158	0.065616
761.755903	2.097160	0.065726
762.804540	2.097154	0.065840
763.853057	2.097135	0.065954
764.901675	2.097125	0.066074
765.950182	2.097122	0.066204
766.998797	2.097093	0.066322
768.047275	2.097074	0.066434
769.095871	2.097079	0.066554
770.144354	2.097082	0.066672
771.192953	2.097082	0.066798
772.241436	2.097031	0.066928
773.289984	2.097021	0.067060
774.338457	2.097066	0.067190
775.387050	2.097015	0.067316
776.435472	2.097022	0.067436
777.484072	2.097025	0.067560
778.532497	2.096964	0.067690
779.581036	2.096991	0.067808
780.629488	2.097037	0.067932
781.678073	2.097065	0.068062
782.726553	2.097064	0.068182
783.775137	2.097034	0.068306
784.823587	2.096978	0.068434
785.872115	2.096961	0.068554
786.920548	2.096980	0.068668
787.969095	2.096943	0.068802
789.017491	2.096977	0.068938
790.066072	2.097031	0.069060
791.114522	2.097000	0.069184
792.163072	2.096980	0.069312
793.211502	2.096976	0.069432
794.260048	2.096989	0.069556
795.308491	2.097014	0.069682
796.357062	2.096994	0.069816
797.405485	2.096936	0.069958
798.453998	2.096908	0.070080
799.502393	2.096940	0.070198
800.550938	2.096989	0.070320
801.599382	2.097049	0.070448
802.647987	2.097004	0.070586
803.696386	2.096904	0.070724
804.744891	2.096879	0.070850
805.793265	2.096890	0.070986
806.841781	2.096819	0.071126
807.890084	2.096791	0.071248
808.938572	2.096896	0.071376
809.986980	2.096869	0.071516
811.035441	2.096821	0.071646
812.083801	2.096856	0.071774
813.132297	2.096851	0.071906
814.180652	2.096872	0.072040
815.229169	2.096855	0.072186
816.277507	2.096828	0.072322
817.325997	2.096858	0.072450
818.374365	2.096847	0.072582
819.422844	2.096853	0.072724
820.471218	2.096874	0.072860
821.519718	2.096808	0.072996
822.568026	2.096771	0.073148
823.616489	2.096800	0.073286
824.664826	2.096811	0.073404
825.713300	2.096814	0.073536
826.761640	2.096809	0.073676
827.810109	2.096817	0.073810
828.858457	2.096844	0.073946
829.906953	2.096824	0.074086
830.955281	2.096744	0.074226
832.003697	2.096709	0.074366
833.051990	2.096734	0.074500
834.100431	2.096756	0.074634
835.148746	2.096750	0.074780
836.197181	2.096737	0.074922
837.245483	2.096717	0.075054
838.293898	2.096698	0.075192
839.342181	2.096720	0.075334
840.390618	2.096699	0.075496
841.438880	2.096694	0.075644
842.487312	2.096732	0.075768
843.535612	2.096737	0.075912
844.584049	2.096724	0.076062
845.632336	2.096719	0.076200
846.680768	2.096696	0.076340
847.729032	2.096683	0.076484
848.777451	2.096700	0.076626
849.825732	2.096701	0.076768
850.874152	2.096684	0.076912
851.922416	2.096678	0.077048
852.970830	2.096701	0.077188
854.019117	2.096676	0.077342
855.067506	2.096653	0.077484
856.115770	2.096670	0.077624
857.164176	2.096670	0.077764
858.212440	2.096686	0.077900
859.260862	2.096683	0.078056
860.309123	2.096666	0.078210
861.357528	2.096690	0.078352
862.405813	2.096654	0.078494
863.454182	2.096595	0.078632
864.502408	2.096622	0.078780
865.550804	2.096638	0.078948
866.599046	2.096611	0.079096
867.647415	2.096588	0.079238
868.695634	2.096598	0.079400
869.744013	2.096605	0.079558
870.792239	2.096587	0.079722
871.840600	2.096583	0.079876
872.888822	2.096589	0.080016
873.937189	2.096576	0.080174
874.985398	2.096599	0.080332
876.033788	2.096601	0.080500
877.081999	2.096560	0.080642
878.130348	2.096566	0.080772
879.178565	2.096621	0.080926
880.226969	2.096644	0.081074
881.275209	2.096616	0.081218
882.323585	2.096597	0.081370
883.371806	2.096587	0.081520
884.420172	2.096573	0.081676
885.468379	2.096513	0.081854
886.516685	2.096446	0.082010
887.564825	2.096506	0.082146
888.613191	2.096557	0.082302
889.661382	2.096472	0.082476
890.709663	2.096436	0.082650
891.757818	2.096482	0.082792
892.806145	2.096532	0.082926
893.854350	2.096536	0.083076
894.902681	2.096514	0.083226
895.950864	2.096527	0.083368
896.999208	2.096562	0.083504
898.047426	2.096604	0.083656
899.095812	2.096542	0.083824
